Mapping/Bathymetry/etopo1.asc
ncols        601
nrows        421
xllcorner    -90.008333333333
yllcorner    23.991666666667
cellsize     0.016666666667
[rows 234 to 272 of 421, columns 174 to 260 of 601]
-2978 -2982 -2973 -2968 -2965 -2966 -2970 -2974 -2977 -2983 -2991 -2999 -3003 -3009 -3015 -3019 -3022 -3025 -3027 -3030 -3034 -3040 -3048 -3055 -3060 -3063 -3067 -3071 -3074 -3077 -3081 -3083 -3086 -3090 -3095 -3100 -3107 -3116 -3126 -3136 -3143 -3153 -3162 -3170 -3175 -3180 -3183 -3188 -3194 -3197 -3199 -3200 -3200 -3200 -3203 -3207 -3209 -3213 -3216 -3216 -3217 -3218 -3219 -3222 -3225 -3227 -3227 -3228 -3229 -3231 -3234 -3236 -3236 -3237 -3237 -3237 -3238 -3239 -3245 -3252 -3254 -3256 -3259 -3263 -3267 -3270 -3268
-2952 -2960 -2957 -2954 -2952 -2954 -2961 -2969 -2977 -2983 -2990 -2999 -3007 -3012 -3016 -3020 -3024 -3025 -3025 -3026 -3030 -3034 -3038 -3044 -3048 -3053 -3058 -3061 -3063 -3067 -3070 -3073 -3077 -3080 -3083 -3090 -3099 -3113 -3127 -3134 -3140 -3153 -3168 -3170 -3176 -3180 -3183 -3185 -3189 -3193 -3197 -3199 -3200 -3199 -3200 -3203 -3206 -3208 -3209 -3210 -3212 -3215 -3218 -3222 -3223 -3225 -3227 -3228 -3229 -3230 -3233 -3235 -3235 -3236 -3237 -3237 -3238 -3240 -3245 -3250 -3254 -3257 -3260 -3264 -3268 -3269 -3267
-2945 -2952 -2949 -2947 -2945 -2949 -2959 -2967 -2977 -2981 -2988 -3000 -3009 -3013 -3017 -3021 -3025 -3024 -3021 -3022 -3028 -3030 -3033 -3039 -3042 -3049 -3055 -3058 -3060 -3064 -3067 -3069 -3075 -3078 -3083 -3091 -3100 -3115 -3130 -3136 -3143 -3156 -3167 -3168 -3176 -3181 -3182 -3183 -3184 -3189 -3197 -3199 -3199 -3197 -3196 -3200 -3202 -3203 -3203 -3204 -3206 -3213 -3219 -3222 -3223 -3222 -3226 -3227 -3228 -3229 -3232 -3234 -3234 -3235 -3237 -3237 -3237 -3238 -3242 -3250 -3254 -3256 -3259 -3264 -3269 -3270 -3270
-2951 -2957 -2951 -2949 -2949 -2953 -2959 -2965 -2974 -2979 -2984 -2994 -3002 -3010 -3016 -3020 -3024 -3022 -3022 -3026 -3033 -3038 -3041 -3044 -3049 -3055 -3060 -3063 -3065 -3067 -3070 -3073 -3080 -3087 -3093 -3101 -3110 -3121 -3132 -3139 -3146 -3153 -3160 -3165 -3172 -3178 -3181 -3182 -3183 -3186 -3192 -3195 -3196 -3194 -3194 -3199 -3200 -3201 -3201 -3203 -3206 -3213 -3218 -3221 -3220 -3219 -3221 -3223 -3224 -3225 -3227 -3231 -3231 -3234 -3236 -3235 -3234 -3235 -3239 -3246 -3251 -3253 -3255 -3259 -3264 -3266 -3266
-2951 -2956 -2951 -2950 -2951 -2955 -2961 -2964 -2971 -2977 -2983 -2987 -2995 -3006 -3015 -3018 -3019 -3020 -3021 -3031 -3043 -3048 -3050 -3052 -3057 -3064 -3068 -3069 -3071 -3072 -3073 -3077 -3087 -3097 -3104 -3110 -3118 -3127 -3136 -3143 -3147 -3152 -3154 -3160 -3168 -3176 -3181 -3182 -3183 -3184 -3186 -3192 -3194 -3193 -3197 -3199 -3200 -3201 -3202 -3206 -3212 -3216 -3218 -3219 -3217 -3214 -3213 -3215 -3220 -3221 -3222 -3224 -3227 -3233 -3235 -3232 -3230 -3231 -3236 -3239 -3242 -3247 -3252 -3251 -3249 -3253 -3256
-2943 -2947 -2947 -2948 -2951 -2956 -2962 -2965 -2971 -2977 -2983 -2988 -2995 -3003 -3010 -3013 -3015 -3017 -3021 -3032 -3043 -3049 -3052 -3055 -3061 -3069 -3073 -3076 -3079 -3081 -3083 -3088 -3098 -3106 -3113 -3118 -3125 -3133 -3141 -3146 -3150 -3152 -3154 -3159 -3166 -3174 -3179 -3181 -3182 -3182 -3184 -3188 -3191 -3192 -3197 -3199 -3200 -3200 -3202 -3208 -3215 -3217 -3218 -3218 -3215 -3212 -3211 -3212 -3217 -3219 -3220 -3222 -3226 -3231 -3234 -3232 -3230 -3232 -3236 -3239 -3241 -3246 -3249 -3249 -3247 -3250 -3254
-2935 -2937 -2941 -2944 -2948 -2953 -2960 -2965 -2972 -2979 -2986 -2994 -2998 -3002 -3006 -3009 -3012 -3016 -3021 -3029 -3038 -3044 -3049 -3055 -3062 -3070 -3078 -3084 -3089 -3094 -3098 -3103 -3109 -3116 -3121 -3127 -3133 -3139 -3145 -3149 -3152 -3155 -3157 -3161 -3167 -3172 -3176 -3179 -3181 -3182 -3184 -3187 -3190 -3191 -3194 -3196 -3198 -3200 -3203 -3208 -3213 -3216 -3217 -3217 -3215 -3214 -3213 -3214 -3217 -3219 -3221 -3224 -3227 -3231 -3233 -3234 -3234 -3236 -3239 -3242 -3244 -3247 -3249 -3250 -3250 -3252 -3254
-2929 -2930 -2936 -2941 -2943 -2946 -2952 -2962 -2972 -2980 -2988 -2996 -2999 -3000 -3002 -3005 -3008 -3012 -3018 -3026 -3034 -3041 -3046 -3053 -3061 -3072 -3083 -3093 -3101 -3107 -3112 -3117 -3122 -3126 -3130 -3134 -3140 -3145 -3150 -3153 -3156 -3158 -3160 -3163 -3167 -3171 -3175 -3178 -3180 -3182 -3184 -3186 -3189 -3190 -3192 -3193 -3196 -3199 -3203 -3208 -3212 -3215 -3216 -3217 -3216 -3216 -3215 -3216 -3218 -3220 -3222 -3225 -3228 -3231 -3234 -3236 -3238 -3240 -3243 -3245 -3247 -3249 -3251 -3252 -3253 -3254 -3255
-2929 -2931 -2935 -2939 -2941 -2942 -2951 -2964 -2974 -2982 -2989 -2996 -2997 -2996 -2998 -3001 -3004 -3007 -3013 -3023 -3032 -3038 -3042 -3048 -3059 -3074 -3090 -3104 -3113 -3120 -3126 -3131 -3134 -3136 -3139 -3141 -3146 -3153 -3156 -3158 -3160 -3161 -3162 -3164 -3167 -3172 -3175 -3177 -3179 -3181 -3183 -3186 -3189 -3189 -3189 -3190 -3193 -3198 -3203 -3208 -3213 -3216 -3217 -3217 -3217 -3217 -3217 -3218 -3219 -3220 -3223 -3226 -3230 -3233 -3235 -3238 -3241 -3244 -3247 -3249 -3250 -3251 -3253 -3254 -3256 -3257 -3256
-2934 -2937 -2938 -2940 -2943 -2947 -2958 -2972 -2979 -2982 -2989 -2992 -2993 -2992 -2994 -2999 -3002 -3003 -3009 -3023 -3035 -3038 -3040 -3046 -3057 -3076 -3098 -3116 -3125 -3132 -3140 -3144 -3145 -3145 -3146 -3147 -3151 -3160 -3163 -3163 -3164 -3164 -3164 -3165 -3168 -3173 -3177 -3178 -3179 -3182 -3183 -3185 -3191 -3189 -3185 -3185 -3189 -3198 -3202 -3207 -3215 -3218 -3218 -3218 -3218 -3218 -3218 -3219 -3219 -3220 -3224 -3228 -3233 -3235 -3237 -3239 -3245 -3250 -3252 -3253 -3253 -3254 -3255 -3257 -3260 -3261 -3261
-2933 -2937 -2938 -2940 -2944 -2951 -2961 -2973 -2978 -2983 -2987 -2990 -2992 -2994 -2998 -3003 -3008 -3013 -3021 -3032 -3042 -3048 -3053 -3060 -3071 -3086 -3104 -3119 -3129 -3137 -3143 -3147 -3149 -3150 -3152 -3154 -3157 -3162 -3165 -3166 -3167 -3168 -3169 -3170 -3173 -3177 -3180 -3182 -3183 -3186 -3188 -3190 -3194 -3192 -3190 -3190 -3194 -3201 -3204 -3209 -3217 -3220 -3221 -3222 -3222 -3223 -3223 -3223 -3224 -3225 -3229 -3233 -3238 -3240 -3242 -3245 -3251 -3256 -3258 -3258 -3258 -3259 -3259 -3261 -3263 -3262 -3260
-2925 -2929 -2934 -2938 -2944 -2951 -2960 -2969 -2976 -2981 -2986 -2990 -2994 -2998 -3003 -3010 -3017 -3025 -3035 -3045 -3055 -3062 -3069 -3076 -3086 -3098 -3111 -3123 -3133 -3140 -3146 -3150 -3153 -3155 -3157 -3160 -3162 -3165 -3167 -3169 -3170 -3172 -3173 -3175 -3178 -3181 -3184 -3187 -3189 -3192 -3195 -3197 -3199 -3200 -3199 -3200 -3202 -3206 -3209 -3213 -3218 -3222 -3225 -3227 -3228 -3230 -3230 -3232 -3233 -3235 -3238 -3241 -3245 -3248 -3251 -3254 -3258 -3262 -3264 -3265 -3265 -3266 -3266 -3266 -3266 -3263 -3263
-2919 -2924 -2929 -2935 -2941 -2949 -2957 -2966 -2974 -2981 -2986 -2990 -2995 -3001 -3008 -3016 -3026 -3037 -3049 -3060 -3070 -3077 -3084 -3091 -3099 -3109 -3119 -3130 -3139 -3145 -3150 -3154 -3157 -3159 -3162 -3165 -3167 -3168 -3169 -3171 -3173 -3175 -3177 -3180 -3184 -3187 -3189 -3192 -3195 -3198 -3202 -3204 -3207 -3208 -3208 -3208 -3209 -3211 -3213 -3216 -3220 -3225 -3229 -3233 -3235 -3237 -3238 -3240 -3242 -3244 -3247 -3250 -3253 -3256 -3259 -3263 -3267 -3270 -3271 -3272 -3272 -3273 -3273 -3272 -3272 -3271 -3274
-2914 -2919 -2925 -2931 -2937 -2945 -2954 -2964 -2973 -2981 -2987 -2991 -2997 -3004 -3011 -3021 -3034 -3049 -3063 -3076 -3087 -3094 -3099 -3105 -3111 -3119 -3128 -3137 -3146 -3152 -3156 -3158 -3160 -3163 -3167 -3171 -3172 -3171 -3171 -3174 -3177 -3178 -3181 -3184 -3189 -3192 -3194 -3197 -3200 -3205 -3209 -3211 -3214 -3217 -3217 -3215 -3215 -3215 -3216 -3218 -3222 -3228 -3234 -3239 -3242 -3244 -3246 -3248 -3252 -3254 -3255 -3258 -3261 -3264 -3267 -3272 -3276 -3278 -3279 -3280 -3280 -3280 -3280 -3279 -3278 -3276 -3281
-2910 -2916 -2921 -2926 -2932 -2940 -2949 -2962 -2974 -2982 -2991 -2997 -3000 -3006 -3013 -3024 -3041 -3059 -3077 -3094 -3105 -3110 -3113 -3118 -3122 -3126 -3136 -3144 -3154 -3160 -3162 -3162 -3163 -3165 -3171 -3176 -3176 -3173 -3171 -3179 -3181 -3181 -3182 -3186 -3196 -3198 -3199 -3200 -3203 -3210 -3215 -3217 -3220 -3226 -3224 -3220 -3221 -3219 -3218 -3219 -3222 -3229 -3240 -3248 -3250 -3251 -3252 -3255 -3261 -3264 -3260 -3266 -3269 -3271 -3273 -3280 -3286 -3287 -3287 -3287 -3287 -3287 -3287 -3287 -3285 -3282 -3289
-2906 -2910 -2916 -2921 -2926 -2932 -2941 -2956 -2973 -2981 -2994 -2999 -3002 -3010 -3015 -3028 -3046 -3064 -3080 -3096 -3107 -3114 -3117 -3122 -3126 -3130 -3138 -3146 -3154 -3159 -3161 -3163 -3164 -3166 -3170 -3174 -3176 -3173 -3173 -3178 -3181 -3182 -3184 -3188 -3195 -3198 -3200 -3201 -3205 -3209 -3213 -3216 -3219 -3223 -3223 -3221 -3223 -3221 -3220 -3221 -3223 -3231 -3243 -3250 -3252 -3253 -3255 -3257 -3262 -3264 -3263 -3269 -3272 -3273 -3276 -3282 -3287 -3288 -3289 -3289 -3289 -3289 -3289 -3288 -3284 -3283 -3290
-2902 -2908 -2911 -2916 -2920 -2924 -2926 -2940 -2960 -2976 -2989 -2999 -3007 -3016 -3025 -3037 -3052 -3067 -3080 -3093 -3103 -3110 -3116 -3120 -3125 -3131 -3137 -3144 -3151 -3156 -3159 -3162 -3164 -3166 -3169 -3171 -3173 -3173 -3174 -3177 -3180 -3182 -3185 -3188 -3192 -3196 -3199 -3201 -3204 -3207 -3210 -3213 -3215 -3217 -3218 -3219 -3220 -3221 -3222 -3224 -3227 -3233 -3240 -3246 -3249 -3251 -3253 -3256 -3260 -3262 -3264 -3267 -3270 -3273 -3276 -3279 -3283 -3285 -3285 -3286 -3286 -3286 -3285 -3284 -3280 -3278 -3286
-2896 -2899 -2906 -2911 -2915 -2917 -2917 -2929 -2952 -2971 -2987 -3000 -3012 -3023 -3035 -3046 -3058 -3070 -3081 -3091 -3100 -3107 -3113 -3118 -3124 -3130 -3137 -3143 -3149 -3154 -3157 -3161 -3163 -3165 -3167 -3169 -3170 -3172 -3174 -3176 -3179 -3182 -3184 -3187 -3190 -3194 -3198 -3201 -3203 -3205 -3207 -3209 -3210 -3212 -3214 -3215 -3218 -3220 -3223 -3226 -3230 -3234 -3238 -3242 -3245 -3248 -3251 -3255 -3258 -3260 -3263 -3266 -3269 -3271 -3274 -3277 -3279 -3281 -3282 -3282 -3282 -3282 -3282 -3281 -3277 -3277 -3285
-2890 -2893 -2901 -2907 -2912 -2915 -2916 -2926 -2949 -2970 -2985 -3000 -3015 -3031 -3043 -3054 -3063 -3074 -3081 -3090 -3098 -3106 -3111 -3115 -3121 -3128 -3136 -3142 -3147 -3152 -3156 -3160 -3163 -3164 -3166 -3167 -3168 -3169 -3172 -3176 -3179 -3181 -3183 -3184 -3188 -3194 -3198 -3200 -3202 -3203 -3204 -3205 -3206 -3207 -3208 -3211 -3216 -3219 -3223 -3228 -3232 -3235 -3238 -3240 -3242 -3244 -3248 -3253 -3256 -3258 -3260 -3264 -3268 -3269 -3271 -3274 -3276 -3277 -3278 -3278 -3278 -3279 -3279 -3280 -3277 -3279 -3286
-2888 -2890 -2898 -2906 -2912 -2917 -2922 -2930 -2950 -2972 -2982 -2995 -3015 -3040 -3052 -3062 -3065 -3080 -3079 -3089 -3096 -3107 -3109 -3111 -3116 -3126 -3134 -3143 -3146 -3150 -3155 -3159 -3163 -3163 -3164 -3164 -3165 -3166 -3171 -3174 -3180 -3181 -3181 -3181 -3182 -3194 -3199 -3199 -3200 -3200 -3200 -3201 -3201 -3201 -3202 -3204 -3214 -3218 -3222 -3230 -3235 -3236 -3237 -3237 -3238 -3239 -3243 -3252 -3254 -3255 -3256 -3261 -3268 -3267 -3265 -3272 -3273 -3273 -3274 -3274 -3274 -3274 -3275 -3280 -3281 -3285 -3289
-2887 -2889 -2898 -2906 -2914 -2920 -2927 -2937 -2952 -2968 -2977 -2987 -3011 -3034 -3049 -3060 -3067 -3076 -3081 -3088 -3096 -3103 -3107 -3110 -3115 -3124 -3131 -3138 -3142 -3146 -3151 -3155 -3158 -3159 -3160 -3161 -3161 -3163 -3166 -3169 -3173 -3175 -3176 -3177 -3179 -3188 -3192 -3193 -3194 -3194 -3195 -3195 -3196 -3196 -3198 -3202 -3209 -3214 -3219 -3227 -3231 -3232 -3233 -3234 -3235 -3236 -3240 -3245 -3248 -3249 -3251 -3256 -3261 -3260 -3260 -3264 -3266 -3267 -3268 -3268 -3269 -3269 -3270 -3272 -3271 -3278 -3283
-2890 -2892 -2900 -2909 -2916 -2924 -2932 -2941 -2953 -2966 -2975 -2986 -3007 -3027 -3043 -3055 -3065 -3073 -3081 -3088 -3094 -3101 -3106 -3111 -3116 -3121 -3127 -3133 -3137 -3142 -3146 -3150 -3153 -3155 -3156 -3157 -3157 -3159 -3161 -3163 -3166 -3168 -3170 -3172 -3175 -3180 -3184 -3186 -3187 -3187 -3188 -3189 -3190 -3191 -3194 -3198 -3204 -3210 -3215 -3220 -3224 -3227 -3229 -3230 -3231 -3233 -3236 -3238 -3241 -3243 -3245 -3248 -3250 -3251 -3253 -3255 -3257 -3259 -3260 -3262 -3263 -3264 -3264 -3263 -3261 -3267 -3274
-2893 -2894 -2904 -2912 -2920 -2927 -2934 -2943 -2954 -2966 -2977 -2989 -3006 -3024 -3040 -3053 -3064 -3073 -3081 -3087 -3093 -3099 -3105 -3111 -3116 -3120 -3123 -3128 -3132 -3137 -3141 -3145 -3149 -3151 -3152 -3153 -3153 -3154 -3155 -3157 -3159 -3161 -3163 -3166 -3170 -3174 -3177 -3179 -3180 -3181 -3181 -3182 -3183 -3185 -3188 -3193 -3199 -3204 -3210 -3214 -3218 -3221 -3224 -3226 -3228 -3229 -3231 -3233 -3234 -3236 -3238 -3239 -3241 -3243 -3244 -3246 -3249 -3251 -3254 -3256 -3258 -3259 -3259 -3258 -3258 -3263 -3267
-2899 -2900 -2909 -2917 -2924 -2930 -2935 -2943 -2955 -2968 -2980 -2992 -3008 -3023 -3038 -3053 -3065 -3073 -3081 -3088 -3092 -3096 -3103 -3111 -3116 -3117 -3119 -3122 -3128 -3132 -3136 -3141 -3145 -3148 -3149 -3149 -3149 -3148 -3150 -3151 -3152 -3154 -3157 -3159 -3164 -3168 -3171 -3172 -3173 -3174 -3174 -3175 -3176 -3178 -3181 -3187 -3193 -3200 -3205 -3209 -3212 -3216 -3220 -3222 -3224 -3225 -3226 -3227 -3228 -3229 -3230 -3231 -3232 -3234 -3235 -3237 -3240 -3243 -3247 -3250 -3253 -3256 -3257 -3256 -3257 -3260 -3262
-2906 -2910 -2916 -2922 -2928 -2934 -2937 -2939 -2956 -2971 -2983 -2997 -3012 -3021 -3036 -3056 -3068 -3073 -3083 -3089 -3091 -3093 -3099 -3112 -3117 -3115 -3111 -3115 -3125 -3128 -3130 -3136 -3144 -3146 -3146 -3146 -3145 -3141 -3145 -3146 -3143 -3148 -3150 -3151 -3159 -3165 -3166 -3167 -3167 -3168 -3168 -3168 -3169 -3170 -3173 -3180 -3188 -3196 -3202 -3204 -3206 -3211 -3217 -3220 -3220 -3221 -3221 -3222 -3222 -3222 -3223 -3224 -3225 -3225 -3226 -3227 -3231 -3237 -3241 -3243 -3248 -3254 -3255 -3255 -3256 -3257 -3258
-2913 -2916 -2923 -2929 -2933 -2938 -2943 -2945 -2958 -2972 -2984 -2997 -3010 -3020 -3035 -3055 -3067 -3073 -3081 -3088 -3091 -3093 -3099 -3109 -3113 -3112 -3111 -3114 -3122 -3125 -3127 -3133 -3140 -3142 -3143 -3143 -3141 -3140 -3143 -3145 -3142 -3147 -3149 -3151 -3158 -3163 -3164 -3165 -3165 -3165 -3165 -3165 -3166 -3166 -3168 -3175 -3184 -3194 -3199 -3200 -3201 -3206 -3215 -3216 -3217 -3217 -3218 -3218 -3218 -3218 -3218 -3219 -3220 -3220 -3222 -3221 -3224 -3232 -3237 -3238 -3244 -3252 -3254 -3255 -3255 -3255 -3255
-2927 -2930 -2932 -2935 -2938 -2942 -2944 -2950 -2961 -2974 -2986 -2997 -3009 -3021 -3036 -3050 -3063 -3072 -3080 -3086 -3090 -3094 -3099 -3105 -3108 -3110 -3111 -3114 -3118 -3122 -3126 -3130 -3135 -3138 -3139 -3140 -3141 -3141 -3143 -3145 -3146 -3149 -3152 -3155 -3159 -3163 -3165 -3166 -3166 -3167 -3167 -3168 -3168 -3169 -3172 -3177 -3183 -3190 -3194 -3197 -3200 -3204 -3209 -3212 -3214 -3215 -3215 -3216 -3216 -3216 -3217 -3217 -3218 -3219 -3221 -3222 -3225 -3230 -3234 -3237 -3241 -3246 -3250 -3254 -3253 -3252 -3252
-2937 -2940 -2939 -2941 -2944 -2946 -2947 -2952 -2965 -2977 -2987 -2997 -3008 -3021 -3035 -3049 -3061 -3071 -3079 -3085 -3091 -3095 -3099 -3102 -3105 -3107 -3110 -3113 -3116 -3119 -3123 -3127 -3131 -3134 -3137 -3139 -3140 -3142 -3144 -3147 -3149 -3152 -3155 -3159 -3162 -3165 -3167 -3168 -3168 -3169 -3170 -3171 -3171 -3173 -3175 -3179 -3183 -3188 -3191 -3194 -3197 -3201 -3205 -3208 -3211 -3212 -3213 -3214 -3214 -3215 -3216 -3217 -3218 -3220 -3221 -3223 -3226 -3230 -3233 -3235 -3238 -3241 -3244 -3248 -3248 -3248 -3248
-2935 -2940 -2943 -2946 -2949 -2952 -2956 -2962 -2970 -2980 -2991 -2998 -3007 -3019 -3034 -3050 -3063 -3071 -3079 -3086 -3092 -3097 -3099 -3101 -3103 -3105 -3108 -3111 -3114 -3117 -3120 -3124 -3128 -3131 -3135 -3138 -3140 -3143 -3146 -3149 -3151 -3154 -3158 -3163 -3166 -3168 -3169 -3170 -3171 -3172 -3173 -3174 -3174 -3175 -3177 -3180 -3184 -3187 -3189 -3192 -3195 -3199 -3202 -3206 -3209 -3210 -3211 -3212 -3212 -3213 -3214 -3216 -3218 -3220 -3222 -3224 -3227 -3229 -3231 -3233 -3235 -3237 -3238 -3240 -3243 -3245 -3245
-2932 -2939 -2946 -2950 -2954 -2958 -2961 -2964 -2974 -2984 -2995 -3001 -3005 -3013 -3033 -3055 -3067 -3072 -3080 -3089 -3093 -3099 -3100 -3100 -3101 -3104 -3107 -3109 -3111 -3114 -3118 -3122 -3126 -3129 -3133 -3136 -3141 -3144 -3148 -3151 -3153 -3156 -3161 -3169 -3171 -3172 -3172 -3172 -3172 -3174 -3177 -3178 -3176 -3176 -3180 -3182 -3185 -3187 -3185 -3189 -3192 -3197 -3201 -3203 -3208 -3210 -3210 -3210 -3211 -3211 -3212 -3217 -3219 -3221 -3222 -3226 -3228 -3229 -3230 -3232 -3233 -3234 -3236 -3238 -3241 -3242 -3242
-2940 -2945 -2951 -2956 -2960 -2964 -2968 -2972 -2981 -2993 -3003 -3013 -3015 -3020 -3036 -3055 -3067 -3072 -3079 -3087 -3091 -3098 -3099 -3099 -3099 -3103 -3106 -3108 -3109 -3113 -3117 -3121 -3126 -3130 -3135 -3138 -3143 -3147 -3151 -3155 -3156 -3158 -3164 -3176 -3176 -3178 -3175 -3174 -3175 -3177 -3182 -3182 -3179 -3177 -3182 -3184 -3187 -3188 -3186 -3189 -3193 -3197 -3201 -3204 -3208 -3210 -3211 -3211 -3212 -3213 -3214 -3218 -3221 -3222 -3223 -3227 -3229 -3230 -3230 -3230 -3231 -3232 -3235 -3238 -3240 -3240 -3240
-2952 -2954 -2957 -2961 -2965 -2970 -2975 -2982 -2991 -3001 -3012 -3027 -3031 -3031 -3040 -3051 -3061 -3069 -3077 -3084 -3089 -3094 -3096 -3098 -3100 -3103 -3106 -3108 -3111 -3114 -3119 -3124 -3129 -3134 -3139 -3144 -3148 -3152 -3156 -3160 -3163 -3166 -3172 -3178 -3181 -3181 -3181 -3180 -3181 -3183 -3185 -3185 -3184 -3184 -3186 -3188 -3189 -3190 -3191 -3193 -3195 -3199 -3202 -3206 -3208 -3211 -3212 -3213 -3214 -3216 -3218 -3220 -3223 -3224 -3226 -3228 -3230 -3231 -3231 -3232 -3233 -3234 -3237 -3239 -3241 -3242 -3243
-2957 -2958 -2963 -2966 -2970 -2975 -2980 -2989 -2999 -3008 -3019 -3031 -3035 -3036 -3041 -3048 -3057 -3066 -3075 -3082 -3088 -3092 -3094 -3096 -3099 -3103 -3106 -3109 -3112 -3116 -3121 -3127 -3133 -3139 -3145 -3149 -3153 -3158 -3162 -3166 -3169 -3174 -3178 -3183 -3185 -3186 -3187 -3187 -3187 -3188 -3189 -3189 -3189 -3189 -3190 -3191 -3192 -3193 -3194 -3195 -3197 -3200 -3204 -3207 -3210 -3212 -3214 -3215 -3217 -3219 -3221 -3223 -3225 -3227 -3229 -3230 -3231 -3232 -3233 -3233 -3234 -3236 -3238 -3241 -3243 -3245 -3246
-2962 -2964 -2968 -2971 -2975 -2978 -2983 -2995 -3008 -3014 -3022 -3032 -3036 -3037 -3039 -3045 -3054 -3064 -3074 -3082 -3088 -3091 -3092 -3094 -3098 -3103 -3107 -3109 -3112 -3117 -3124 -3130 -3138 -3145 -3151 -3155 -3159 -3163 -3168 -3172 -3175 -3180 -3186 -3189 -3191 -3192 -3192 -3193 -3193 -3193 -3193 -3194 -3194 -3194 -3194 -3195 -3195 -3196 -3196 -3197 -3199 -3201 -3205 -3209 -3212 -3214 -3216 -3217 -3219 -3222 -3224 -3226 -3227 -3230 -3231 -3232 -3233 -3234 -3234 -3235 -3235 -3236 -3238 -3242 -3246 -3248 -3249
-2966 -2968 -2973 -2977 -2979 -2981 -2982 -2993 -3012 -3017 -3024 -3034 -3036 -3037 -3038 -3040 -3051 -3063 -3073 -3084 -3090 -3091 -3091 -3092 -3096 -3106 -3109 -3110 -3111 -3119 -3126 -3131 -3143 -3152 -3159 -3161 -3163 -3169 -3175 -3178 -3180 -3185 -3194 -3197 -3197 -3198 -3198 -3198 -3198 -3198 -3198 -3198 -3198 -3198 -3198 -3198 -3198 -3198 -3199 -3199 -3200 -3202 -3205 -3212 -3216 -3217 -3217 -3218 -3220 -3225 -3228 -3228 -3229 -3232 -3234 -3235 -3235 -3236 -3236 -3236 -3236 -3237 -3238 -3244 -3250 -3252 -3253
-2973 -2974 -2980 -2983 -2984 -2984 -2982 -2987 -3004 -3015 -3024 -3032 -3036 -3039 -3042 -3046 -3055 -3065 -3075 -3084 -3090 -3092 -3094 -3096 -3100 -3107 -3111 -3113 -3117 -3123 -3130 -3135 -3145 -3154 -3160 -3163 -3165 -3171 -3178 -3180 -3181 -3185 -3193 -3196 -3197 -3198 -3198 -3199 -3199 -3200 -3200 -3200 -3200 -3200 -3200 -3200 -3200 -3200 -3200 -3200 -3201 -3201 -3204 -3213 -3217 -3217 -3217 -3218 -3219 -3225 -3229 -3229 -3227 -3234 -3235 -3236 -3236 -3236 -3236 -3237 -3237 -3237 -3239 -3245 -3252 -3254 -3255
-2990 -2990 -2990 -2990 -2990 -2989 -2985 -2987 -3001 -3013 -3023 -3031 -3037 -3041 -3046 -3052 -3060 -3069 -3078 -3086 -3091 -3095 -3098 -3100 -3104 -3109 -3113 -3118 -3122 -3128 -3133 -3139 -3145 -3152 -3158 -3162 -3165 -3169 -3174 -3177 -3179 -3183 -3187 -3190 -3193 -3194 -3195 -3196 -3197 -3198 -3199 -3200 -3200 -3200 -3200 -3201 -3201 -3201 -3201 -3201 -3201 -3202 -3205 -3210 -3212 -3214 -3214 -3215 -3217 -3221 -3224 -3225 -3226 -3230 -3232 -3233 -3234 -3235 -3235 -3236 -3236 -3237 -3240 -3245 -3250 -3253 -3254
-2998 -2999 -2999 -2999 -2998 -2996 -2993 -2993 -3003 -3014 -3024 -3032 -3038 -3043 -3049 -3057 -3065 -3074 -3082 -3089 -3095 -3098 -3101 -3104 -3107 -3111 -3116 -3122 -3127 -3133 -3137 -3141 -3146 -3151 -3156 -3160 -3164 -3168 -3171 -3173 -3175 -3178 -3182 -3185 -3188 -3190 -3191 -3193 -3195 -3197 -3198 -3200 -3200 -3200 -3200 -3201 -3201 -3201 -3201 -3201 -3202 -3203 -3204 -3207 -3209 -3210 -3211 -3212 -3213 -3216 -3218 -3220 -3223 -3226 -3228 -3230 -3231 -3233 -3234 -3235 -3236 -3237 -3240 -3244 -3248 -3252 -3254
-3006 -3010 -3008 -3007 -3006 -3005 -3002 -3000 -3005 -3016 -3028 -3034 -3037 -3044 -3052 -3060 -3070 -3079 -3087 -3094 -3099 -3103 -3105 -3106 -3108 -3112 -3118 -3125 -3133 -3138 -3141 -3143 -3146 -3150 -3155 -3160 -3163 -3166 -3168 -3169 -3171 -3173 -3176 -3180 -3184 -3186 -3188 -3189 -3192 -3196 -3198 -3200 -3200 -3200 -3200 -3200 -3201 -3201 -3201 -3201 -3201 -3202 -3203 -3204 -3205 -3206 -3207 -3208 -3209 -3210 -3212 -3215 -3219 -3222 -3225 -3227 -3229 -3231 -3232 -3234 -3236 -3237 -3240 -3243 -3247 -3251 -3254
