Mapping/Bathymetry/etopo1.asc
ncols        601
nrows        421
xllcorner    -90.008333333333
yllcorner    23.991666666667
cellsize     0.016666666667
[rows 312 to 350 of 421, columns 435 to 521 of 601]
-38 -38 -38 -37 -37 -37 -36 -36 -36 -36 -35 -34 -34 -33 -33 -31 -30 -31 -30 -29 -29 -28 -27 -27 -27 -26 -25 -25 -25 -25 -23 -22 -22 -21 -22 -20 -20 -20 -20 -20 -19 -18 -18 -18 -18 -16 -16 -15 -15 -14 -14 -14 -13 -12 -12 -11 -11 -10 -9 -8 -8 -6 -5 -4 -3 -2 -2 -2 -3 -3 -3 -3 -3 -3 -3 -3 -2 -2 -1 -1 -1 0 -2 -1 -1 8 6
-38 -38 -38 -37 -37 -36 -35 -36 -35 -35 -35 -35 -35 -33 -33 -32 -31 -31 -29 -29 -29 -28 -27 -26 -27 -26 -26 -25 -25 -24 -23 -23 -22 -22 -22 -21 -20 -20 -20 -20 -19 -19 -18 -18 -18 -17 -16 -15 -15 -14 -14 -13 -13 -12 -12 -12 -11 -10 -9 -9 -8 -7 -5 -5 -4 -2 -3 -3 -4 -4 -4 -4 -3 -3 -3 -3 -3 -2 -2 -2 -1 -1 0 0 1 -1 9
-38 -38 -38 -37 -37 -35 -35 -36 -36 -36 -36 -35 -34 -33 -33 -32 -31 -30 -29 -29 -28 -27 -27 -27 -27 -27 -26 -26 -24 -24 -23 -24 -22 -22 -22 -22 -20 -20 -20 -20 -20 -19 -19 -18 -18 -17 -17 -16 -15 -14 -14 -14 -13 -12 -12 -12 -11 -10 -10 -9 -8 -7 -5 -5 -4 -3 -2 -3 -3 -4 -4 -4 -4 -4 -3 -3 -3 -3 -2 -2 -2 -2 -1 0 0 8 9
-39 -38 -37 -37 -36 -35 -35 -35 -36 -36 -36 -36 -35 -34 -33 -32 -31 -31 -29 -29 -28 -28 -27 -27 -27 -27 -26 -25 -25 -25 -24 -24 -23 -22 -22 -20 -20 -20 -20 -20 -20 -19 -19 -18 -18 -17 -16 -16 -15 -15 -14 -13 -13 -13 -12 -12 -11 -11 -10 -9 -8 -7 -6 -6 -5 -5 -4 -4 -4 -4 -4 -4 -4 -4 -4 -4 -3 -3 -3 -2 -2 -2 -1 0 0 2 8
-39 -38 -37 -37 -35 -35 -35 -35 -36 -36 -37 -36 -35 -34 -33 -33 -31 -31 -29 -29 -28 -28 -27 -27 -27 -27 -26 -25 -25 -25 -23 -23 -22 -22 -22 -21 -20 -20 -20 -20 -20 -20 -19 -19 -18 -18 -17 -16 -15 -15 -14 -14 -14 -13 -13 -12 -12 -11 -10 -9 -8 -7 -6 -6 -6 -5 -4 -5 -5 -4 -4 -4 -4 -4 -4 -4 -4 -3 -3 -3 -2 -2 -1 0 0 7 7
-39 -38 -38 -37 -35 -35 -35 -35 -35 -36 -37 -36 -35 -33 -33 -32 -31 -31 -30 -30 -28 -28 -27 -27 -27 -27 -26 -25 -24 -24 -23 -22 -22 -22 -22 -22 -21 -20 -20 -20 -20 -20 -19 -19 -18 -17 -17 -16 -16 -15 -15 -14 -13 -13 -13 -12 -11 -11 -10 -9 -9 -8 -7 -7 -7 -6 -5 -5 -5 -5 -5 -5 -5 -5 -4 -4 -4 -4 -3 -3 -2 -2 -1 0 0 0 2
-39 -38 -38 -37 -36 -35 -34 -34 -34 -36 -36 -35 -35 -33 -33 -32 -31 -31 -31 -29 -28 -28 -27 -27 -27 -26 -26 -25 -24 -24 -23 -22 -22 -22 -22 -21 -21 -20 -20 -20 -19 -19 -19 -18 -18 -18 -17 -16 -16 -15 -15 -14 -14 -13 -13 -12 -12 -11 -10 -9 -9 -8 -8 -7 -7 -6 -6 -5 -5 -5 -5 -5 -5 -5 -5 -4 -4 -4 -3 -3 -3 -2 -1 -1 0 -1 -1
-39 -38 -38 -37 -35 -35 -34 -34 -35 -35 -36 -35 -34 -33 -33 -32 -31 -31 -31 -30 -29 -28 -27 -26 -27 -27 -26 -25 -24 -24 -24 -23 -23 -22 -23 -22 -22 -21 -20 -20 -20 -19 -19 -18 -18 -18 -17 -16 -15 -15 -14 -14 -13 -13 -13 -12 -11 -11 -10 -9 -9 -8 -8 -8 -7 -7 -6 -6 -6 -6 -5 -5 -5 -5 -5 -5 -4 -4 -4 -3 -3 -2 -2 -1 -1 -1 -1
-39 -38 -38 -37 -35 -34 -35 -34 -35 -35 -35 -35 -33 -33 -32 -32 -31 -31 -30 -30 -29 -29 -28 -27 -27 -27 -26 -26 -25 -24 -24 -24 -23 -23 -22 -22 -22 -22 -20 -20 -20 -19 -19 -18 -18 -17 -17 -17 -16 -15 -15 -14 -14 -13 -13 -12 -11 -11 -10 -9 -9 -9 -8 -8 -7 -7 -7 -6 -6 -6 -6 -6 -6 -6 -5 -5 -5 -5 -4 -4 -3 -3 -2 -2 -2 -2 -1
-40 -39 -38 -37 -36 -35 -34 -34 -35 -35 -35 -34 -33 -33 -32 -31 -31 -31 -31 -30 -29 -29 -28 -27 -27 -27 -26 -26 -25 -25 -25 -24 -24 -24 -23 -22 -22 -22 -21 -21 -20 -20 -19 -18 -18 -18 -18 -17 -17 -16 -15 -15 -14 -13 -13 -12 -12 -11 -11 -10 -9 -9 -8 -8 -8 -7 -7 -7 -7 -6 -6 -6 -6 -6 -6 -5 -5 -5 -5 -4 -4 -3 -3 -2 -2 -2 -2
-40 -39 -38 -37 -35 -35 -34 -34 -35 -34 -34 -33 -33 -32 -32 -31 -31 -31 -31 -30 -29 -29 -28 -27 -27 -27 -27 -26 -26 -25 -25 -24 -24 -24 -23 -22 -22 -22 -21 -20 -20 -20 -19 -19 -19 -18 -18 -17 -17 -16 -15 -14 -14 -13 -13 -12 -11 -11 -11 -10 -9 -9 -9 -8 -8 -8 -7 -7 -7 -7 -7 -7 -6 -6 -6 -6 -6 -5 -5 -4 -4 -4 -3 -3 -3 -2 -2
-40 -39 -37 -36 -35 -35 -35 -35 -35 -34 -33 -33 -33 -31 -32 -31 -31 -31 -31 -30 -29 -29 -28 -28 -27 -27 -27 -27 -26 -25 -26 -25 -24 -24 -24 -22 -22 -22 -21 -21 -20 -20 -20 -19 -19 -19 -18 -17 -16 -16 -15 -15 -14 -14 -13 -12 -12 -11 -11 -10 -9 -9 -9 -8 -8 -8 -8 -7 -7 -7 -7 -7 -7 -7 -6 -6 -6 -6 -5 -5 -5 -4 -4 -3 -3 -3 -2
-40 -39 -38 -36 -35 -35 -35 -35 -34 -34 -33 -33 -32 -32 -31 -31 -31 -31 -30 -30 -29 -29 -29 -29 -29 -28 -27 -27 -26 -26 -26 -26 -25 -25 -25 -23 -23 -22 -22 -21 -20 -20 -20 -19 -19 -18 -18 -18 -17 -16 -16 -15 -14 -14 -13 -13 -12 -11 -11 -10 -10 -9 -9 -8 -8 -8 -8 -8 -8 -7 -7 -7 -7 -7 -6 -6 -6 -6 -6 -5 -5 -5 -4 -4 -3 -3 -3
-40 -40 -38 -37 -37 -35 -35 -35 -35 -34 -33 -32 -32 -32 -33 -31 -31 -31 -31 -31 -29 -30 -29 -29 -29 -28 -28 -27 -27 -26 -26 -26 -25 -25 -24 -24 -23 -22 -22 -22 -21 -20 -20 -20 -20 -19 -19 -18 -17 -17 -16 -15 -15 -14 -13 -13 -12 -11 -11 -10 -10 -9 -9 -9 -8 -8 -8 -8 -8 -8 -7 -7 -7 -7 -7 -7 -6 -6 -6 -6 -5 -5 -5 -4 -4 -4 -3
-41 -40 -38 -37 -37 -35 -35 -35 -35 -34 -33 -33 -32 -33 -33 -32 -32 -32 -31 -31 -30 -31 -30 -29 -29 -28 -28 -27 -27 -26 -26 -26 -26 -25 -24 -24 -24 -23 -22 -22 -21 -21 -21 -20 -20 -19 -19 -18 -17 -17 -16 -15 -14 -14 -13 -13 -12 -12 -10 -10 -10 -10 -9 -9 -8 -9 -8 -8 -8 -8 -8 -8 -7 -7 -7 -7 -7 -6 -6 -6 -5 -5 -5 -5 -4 -4 -3
-41 -40 -38 -37 -36 -35 -35 -35 -35 -35 -34 -33 -33 -33 -33 -33 -33 -32 -31 -31 -31 -31 -30 -30 -29 -29 -29 -28 -27 -27 -27 -26 -26 -26 -25 -24 -24 -23 -22 -22 -21 -21 -21 -21 -20 -19 -19 -19 -18 -17 -16 -15 -15 -14 -13 -13 -12 -12 -11 -11 -11 -10 -10 -9 -9 -9 -8 -8 -8 -8 -8 -8 -7 -7 -7 -7 -7 -7 -6 -6 -5 -5 -5 -5 -5 -4 -4
-40 -40 -38 -37 -35 -35 -35 -34 -35 -35 -35 -34 -34 -34 -34 -34 -33 -32 -31 -31 -31 -31 -30 -31 -30 -29 -29 -28 -28 -27 -27 -26 -26 -25 -25 -24 -23 -24 -22 -22 -21 -21 -20 -20 -19 -19 -18 -18 -17 -16 -16 -15 -14 -14 -13 -13 -12 -12 -11 -11 -11 -10 -10 -10 -9 -9 -8 -8 -9 -9 -8 -8 -8 -7 -7 -7 -7 -7 -6 -6 -6 -5 -5 -5 -5 -4 -4
-41 -40 -39 -37 -36 -35 -35 -35 -35 -35 -35 -35 -34 -34 -34 -34 -33 -33 -31 -31 -31 -31 -31 -31 -30 -30 -30 -28 -28 -27 -27 -25 -25 -25 -25 -24 -24 -23 -22 -21 -21 -20 -20 -20 -19 -18 -18 -17 -17 -17 -16 -15 -14 -14 -13 -13 -12 -12 -11 -11 -11 -10 -11 -10 -10 -10 -9 -9 -9 -9 -9 -8 -8 -8 -7 -7 -7 -6 -6 -6 -6 -5 -5 -5 -5 -4 -4
-42 -41 -39 -38 -37 -35 -35 -35 -35 -35 -35 -34 -34 -33 -33 -33 -33 -33 -33 -32 -31 -31 -31 -31 -31 -30 -30 -29 -28 -27 -27 -25 -25 -25 -24 -24 -23 -23 -22 -22 -21 -20 -20 -20 -20 -19 -18 -17 -17 -16 -16 -15 -15 -13 -13 -13 -12 -12 -12 -11 -11 -10 -11 -10 -10 -9 -9 -9 -9 -9 -8 -8 -8 -8 -7 -7 -7 -7 -6 -6 -5 -5 -5 -5 -5 -4 -4
-42 -41 -40 -37 -36 -36 -35 -35 -35 -35 -35 -34 -33 -33 -33 -33 -32 -32 -32 -31 -31 -31 -31 -31 -31 -30 -30 -29 -28 -27 -27 -25 -25 -24 -24 -22 -22 -22 -22 -22 -21 -20 -20 -20 -19 -18 -17 -17 -17 -16 -16 -15 -14 -14 -13 -12 -12 -12 -12 -12 -11 -11 -11 -10 -10 -10 -10 -9 -9 -9 -9 -8 -8 -8 -7 -7 -7 -7 -7 -6 -6 -6 -5 -5 -5 -4 -4
-42 -40 -39 -37 -36 -36 -35 -36 -35 -35 -35 -33 -33 -33 -33 -33 -32 -31 -31 -31 -31 -31 -31 -30 -31 -29 -29 -29 -28 -27 -27 -26 -25 -25 -24 -24 -23 -22 -21 -20 -20 -20 -20 -19 -19 -18 -18 -18 -17 -16 -16 -15 -14 -14 -14 -13 -12 -12 -12 -12 -11 -11 -10 -10 -10 -10 -10 -10 -9 -9 -9 -8 -8 -7 -7 -7 -7 -6 -6 -6 -6 -6 -6 -5 -5 -5 -4
-42 -41 -39 -37 -36 -35 -35 -35 -35 -35 -35 -33 -33 -33 -33 -33 -31 -31 -31 -31 -30 -31 -30 -30 -31 -30 -30 -29 -28 -27 -27 -26 -25 -25 -24 -24 -23 -22 -22 -21 -21 -20 -20 -20 -19 -18 -18 -18 -17 -17 -16 -15 -14 -14 -14 -13 -13 -13 -13 -12 -11 -11 -11 -10 -11 -10 -10 -10 -9 -9 -9 -8 -8 -7 -7 -7 -7 -7 -7 -6 -6 -6 -6 -5 -5 -5 -5
-42 -40 -39 -37 -36 -36 -36 -37 -36 -35 -34 -33 -33 -33 -33 -33 -31 -31 -31 -31 -30 -30 -29 -29 -29 -29 -28 -28 -28 -27 -27 -26 -26 -25 -25 -24 -23 -22 -22 -22 -21 -20 -20 -20 -19 -18 -18 -17 -17 -16 -15 -15 -14 -14 -14 -14 -13 -12 -12 -12 -12 -11 -11 -11 -11 -11 -10 -10 -10 -9 -9 -8 -8 -8 -7 -7 -7 -7 -7 -6 -6 -6 -6 -6 -5 -5 -5
-42 -41 -39 -37 -37 -37 -37 -37 -36 -35 -35 -33 -33 -33 -33 -33 -32 -31 -31 -31 -30 -29 -29 -29 -29 -28 -28 -28 -27 -27 -27 -26 -26 -25 -25 -24 -23 -23 -22 -22 -21 -21 -20 -20 -19 -19 -18 -18 -17 -16 -16 -15 -15 -14 -14 -13 -12 -13 -12 -12 -12 -12 -11 -11 -11 -11 -11 -10 -10 -9 -9 -9 -8 -8 -8 -7 -7 -7 -7 -7 -6 -6 -6 -6 -5 -5 -5
-42 -41 -39 -37 -37 -37 -37 -38 -36 -35 -35 -33 -33 -33 -33 -32 -31 -31 -31 -31 -30 -29 -29 -29 -29 -28 -27 -27 -26 -26 -27 -26 -25 -25 -24 -24 -24 -23 -22 -22 -21 -21 -20 -20 -19 -19 -18 -18 -17 -17 -16 -15 -15 -14 -14 -13 -13 -13 -13 -12 -12 -11 -11 -11 -11 -11 -11 -10 -10 -9 -9 -9 -8 -8 -8 -8 -8 -7 -7 -7 -6 -6 -6 -6 -6 -5 -5
-42 -41 -39 -37 -37 -38 -38 -38 -37 -36 -35 -33 -33 -33 -33 -33 -31 -31 -31 -30 -29 -29 -29 -28 -28 -27 -26 -27 -26 -26 -26 -25 -25 -24 -23 -24 -24 -24 -22 -22 -22 -21 -20 -20 -20 -19 -18 -18 -17 -17 -16 -15 -15 -15 -15 -14 -14 -14 -13 -13 -12 -12 -12 -12 -12 -11 -11 -11 -10 -10 -10 -9 -9 -9 -9 -8 -8 -8 -7 -7 -7 -6 -6 -6 -5 -5 -5
-42 -41 -39 -37 -37 -38 -38 -38 -37 -37 -35 -33 -33 -33 -33 -32 -31 -31 -30 -29 -28 -28 -28 -27 -27 -27 -27 -26 -26 -26 -26 -25 -25 -25 -24 -24 -24 -24 -22 -22 -21 -21 -20 -19 -19 -19 -18 -17 -17 -16 -16 -16 -15 -15 -15 -14 -14 -14 -13 -12 -12 -12 -12 -12 -12 -11 -11 -10 -10 -10 -9 -9 -9 -9 -9 -8 -8 -8 -7 -7 -7 -6 -6 -6 -5 -5 -5
-42 -41 -39 -39 -39 -39 -38 -38 -37 -36 -35 -34 -34 -34 -33 -33 -32 -31 -31 -29 -29 -28 -27 -27 -27 -27 -27 -27 -26 -26 -26 -26 -25 -25 -24 -23 -23 -22 -22 -22 -21 -21 -20 -20 -19 -18 -18 -17 -17 -16 -16 -16 -16 -15 -14 -14 -14 -13 -13 -13 -13 -12 -12 -12 -12 -12 -11 -11 -10 -10 -10 -9 -9 -9 -8 -8 -8 -8 -7 -7 -7 -7 -7 -6 -6 -5 -5
-42 -41 -40 -40 -39 -39 -39 -38 -38 -37 -35 -35 -34 -34 -33 -33 -32 -32 -31 -29 -29 -29 -28 -28 -28 -27 -27 -27 -27 -26 -26 -26 -25 -24 -24 -24 -23 -22 -22 -22 -22 -20 -20 -19 -18 -18 -17 -17 -17 -17 -16 -16 -16 -15 -15 -14 -14 -14 -13 -13 -13 -13 -13 -12 -12 -12 -11 -11 -11 -10 -10 -10 -9 -9 -9 -9 -8 -8 -7 -7 -7 -6 -6 -6 -6 -5 -5
-42 -41 -41 -40 -40 -40 -39 -38 -38 -37 -37 -35 -35 -35 -34 -33 -33 -33 -31 -30 -29 -29 -28 -28 -28 -27 -27 -27 -27 -26 -26 -26 -26 -25 -24 -24 -23 -23 -22 -22 -21 -20 -20 -20 -19 -18 -18 -18 -17 -17 -17 -16 -16 -15 -15 -14 -14 -14 -14 -13 -13 -13 -12 -12 -12 -12 -12 -11 -11 -10 -10 -10 -9 -9 -9 -8 -8 -7 -7 -7 -7 -6 -6 -6 -6 -5 -5
-42 -42 -41 -40 -40 -40 -39 -38 -38 -38 -37 -36 -35 -35 -34 -33 -33 -33 -32 -31 -29 -29 -29 -29 -28 -27 -28 -27 -27 -27 -27 -26 -26 -25 -25 -24 -23 -23 -22 -22 -21 -20 -19 -19 -18 -18 -17 -17 -17 -17 -17 -16 -15 -15 -15 -14 -14 -14 -14 -13 -13 -13 -13 -12 -12 -12 -12 -11 -11 -11 -10 -10 -10 -9 -9 -9 -8 -7 -7 -7 -7 -7 -6 -6 -6 -5 -5
-42 -42 -42 -40 -40 -40 -40 -38 -38 -37 -37 -36 -35 -35 -34 -33 -33 -33 -33 -31 -30 -29 -29 -29 -29 -28 -29 -27 -27 -27 -27 -26 -26 -25 -24 -24 -23 -23 -22 -22 -21 -20 -19 -19 -19 -18 -18 -18 -18 -17 -17 -16 -15 -15 -15 -14 -14 -14 -14 -13 -13 -13 -13 -13 -13 -12 -12 -11 -11 -11 -10 -10 -10 -9 -9 -8 -8 -8 -7 -7 -6 -6 -6 -6 -6 -5 -5
-43 -42 -42 -40 -40 -40 -39 -38 -38 -37 -37 -37 -35 -35 -34 -35 -33 -33 -33 -31 -31 -30 -29 -29 -29 -28 -29 -28 -27 -27 -27 -26 -26 -25 -25 -24 -23 -23 -22 -22 -20 -20 -19 -19 -19 -18 -18 -17 -17 -17 -16 -16 -15 -15 -15 -14 -14 -14 -14 -14 -14 -13 -14 -14 -13 -13 -12 -12 -11 -11 -10 -11 -10 -10 -9 -9 -8 -8 -7 -6 -6 -6 -6 -6 -5 -5 -5
-43 -42 -42 -41 -40 -40 -40 -39 -39 -38 -37 -37 -36 -35 -35 -35 -33 -33 -33 -32 -31 -30 -29 -30 -29 -29 -29 -28 -28 -27 -27 -26 -26 -25 -24 -24 -23 -23 -22 -21 -20 -20 -20 -20 -19 -18 -18 -17 -17 -16 -16 -15 -15 -15 -15 -15 -15 -15 -15 -14 -14 -13 -14 -14 -13 -13 -12 -12 -12 -11 -11 -11 -10 -10 -9 -8 -7 -7 -7 -6 -6 -6 -6 -6 -5 -5 -5
-43 -42 -41 -40 -40 -39 -40 -39 -38 -38 -37 -37 -36 -35 -35 -35 -34 -34 -33 -33 -32 -31 -30 -30 -30 -29 -29 -29 -28 -27 -27 -26 -26 -26 -25 -25 -24 -23 -22 -21 -20 -20 -20 -19 -18 -18 -17 -17 -17 -17 -16 -16 -16 -16 -15 -15 -15 -15 -14 -14 -13 -14 -14 -14 -13 -13 -13 -12 -12 -12 -11 -10 -9 -9 -8 -8 -7 -7 -7 -6 -6 -6 -7 -6 -5 -5 -5
-43 -42 -42 -40 -40 -40 -40 -39 -38 -38 -37 -37 -37 -37 -35 -35 -35 -35 -34 -33 -32 -31 -31 -31 -31 -30 -29 -29 -28 -27 -27 -27 -26 -25 -25 -25 -24 -23 -22 -22 -21 -21 -20 -20 -19 -18 -18 -18 -17 -17 -17 -17 -17 -16 -16 -16 -15 -15 -15 -14 -14 -14 -14 -14 -14 -13 -13 -13 -12 -11 -11 -10 -9 -9 -9 -8 -8 -7 -7 -6 -6 -6 -6 -6 -6 -5 -5
-43 -42 -42 -40 -40 -40 -40 -39 -38 -38 -38 -37 -37 -37 -36 -35 -35 -35 -34 -33 -33 -32 -31 -31 -31 -31 -30 -29 -28 -27 -27 -26 -26 -26 -25 -25 -24 -23 -23 -22 -22 -21 -20 -20 -20 -19 -18 -18 -18 -18 -18 -17 -17 -17 -16 -16 -16 -15 -15 -14 -14 -14 -15 -14 -14 -13 -13 -12 -11 -11 -10 -10 -9 -9 -9 -8 -8 -7 -7 -7 -6 -6 -6 -6 -6 -6 -5
-42 -42 -42 -41 -40 -40 -40 -39 -40 -39 -38 -37 -37 -37 -37 -35 -35 -35 -34 -33 -33 -33 -31 -32 -31 -31 -30 -29 -28 -27 -27 -26 -26 -26 -24 -24 -24 -24 -24 -22 -22 -21 -20 -21 -20 -20 -19 -19 -19 -18 -18 -18 -17 -17 -17 -16 -16 -16 -16 -15 -15 -14 -14 -14 -13 -13 -13 -12 -12 -11 -10 -10 -9 -9 -9 -8 -8 -8 -7 -7 -6 -6 -6 -6 -6 -6 -5
-42 -42 -42 -41 -40 -40 -40 -40 -40 -39 -38 -38 -37 -37 -37 -36 -35 -35 -34 -33 -33 -32 -31 -32 -31 -31 -29 -29 -29 -27 -27 -27 -26 -26 -25 -25 -24 -23 -22 -22 -22 -22 -21 -20 -20 -20 -19 -19 -19 -18 -18 -18 -18 -17 -17 -17 -16 -16 -15 -14 -14 -14 -14 -13 -13 -13 -12 -12 -11 -11 -10 -10 -10 -9 -9 -8 -8 -8 -7 -7 -6 -6 -6 -6 -6 -6 -5
