Mapping/Bathymetry/etopo1.asc
ncols        601
nrows        421
xllcorner    -90.008333333333
yllcorner    23.991666666667
cellsize     0.016666666667
[rows 117 to 155 of 421, columns 87 to 173 of 601]
-389 -411 -430 -449 -474 -469 -467 -476 -491 -514 -541 -569 -587 -609 -633 -657 -682 -714 -754 -793 -839 -930 -995 -974 -984 -1030 -1023 -1040 -1056 -1100 -1148 -1205 -1243 -1274 -1280 -1256 -1263 -1279 -1315 -1315 -1329 -1371 -1374 -1405 -1425 -1456 -1468 -1501 -1525 -1525 -1534 -1530 -1571 -1584 -1598 -1569 -1535 -1523 -1514 -1495 -1487 -1499 -1540 -1570 -1546 -1593 -1565 -1548 -1514 -1469 -1429 -1326 -1266 -1215 -1178 -1146 -1120 -1093 -1068 -1040 -1018 -997 -969 -940 -910 -884 -861
-430 -459 -484 -501 -519 -525 -531 -544 -561 -588 -615 -638 -653 -673 -694 -722 -753 -784 -821 -863 -907 -960 -1059 -1048 -1055 -1078 -1137 -1122 -1154 -1166 -1227 -1268 -1317 -1347 -1360 -1341 -1332 -1336 -1344 -1370 -1376 -1408 -1419 -1445 -1464 -1483 -1515 -1539 -1562 -1564 -1567 -1588 -1616 -1628 -1647 -1631 -1613 -1568 -1549 -1542 -1534 -1534 -1558 -1633 -1603 -1632 -1597 -1560 -1525 -1482 -1440 -1344 -1277 -1228 -1192 -1159 -1130 -1104 -1076 -1045 -1020 -998 -970 -938 -908 -882 -859
-468 -505 -543 -571 -587 -595 -605 -614 -637 -661 -686 -703 -720 -740 -762 -790 -823 -860 -898 -937 -971 -1002 -1059 -1139 -1124 -1145 -1180 -1244 -1244 -1233 -1233 -1282 -1342 -1391 -1402 -1415 -1392 -1389 -1398 -1420 -1418 -1429 -1493 -1484 -1506 -1509 -1549 -1572 -1598 -1608 -1601 -1630 -1641 -1683 -1687 -1680 -1668 -1627 -1591 -1590 -1583 -1579 -1610 -1682 -1668 -1649 -1621 -1578 -1529 -1490 -1455 -1362 -1290 -1240 -1204 -1168 -1138 -1110 -1083 -1053 -1023 -998 -968 -934 -905 -878 -856
-508 -560 -608 -645 -664 -674 -672 -682 -703 -728 -752 -766 -782 -804 -836 -875 -908 -933 -965 -993 -1014 -1045 -1064 -1159 -1212 -1215 -1232 -1256 -1317 -1273 -1153 -1107 -1160 -1374 -1433 -1448 -1462 -1459 -1452 -1457 -1465 -1472 -1517 -1529 -1551 -1556 -1578 -1610 -1630 -1648 -1649 -1671 -1701 -1723 -1727 -1725 -1709 -1677 -1636 -1632 -1626 -1630 -1686 -1715 -1692 -1679 -1651 -1593 -1548 -1510 -1468 -1358 -1295 -1249 -1210 -1174 -1141 -1112 -1084 -1053 -1022 -993 -961 -929 -900 -874 -854
-545 -608 -662 -695 -735 -765 -724 -738 -765 -787 -804 -823 -855 -893 -933 -965 -988 -997 -1015 -1038 -1051 -1050 -1042 -1091 -1246 -1306 -1307 -1303 -1375 -1308 -1165 -1131 -1214 -1400 -1462 -1484 -1501 -1516 -1515 -1503 -1512 -1520 -1539 -1571 -1585 -1600 -1619 -1650 -1672 -1697 -1704 -1711 -1735 -1772 -1771 -1765 -1751 -1729 -1681 -1672 -1668 -1698 -1746 -1742 -1724 -1706 -1677 -1611 -1566 -1528 -1455 -1349 -1298 -1252 -1211 -1177 -1145 -1113 -1080 -1048 -1016 -985 -954 -924 -897 -872 -851
-576 -640 -697 -739 -805 -804 -810 -803 -813 -831 -854 -885 -931 -991 -1035 -1057 -1057 -1054 -1061 -1080 -1088 -1066 -1043 -1087 -1209 -1280 -1393 -1416 -1439 -1467 -1406 -1428 -1410 -1438 -1466 -1503 -1537 -1555 -1556 -1542 -1548 -1555 -1568 -1600 -1613 -1638 -1659 -1691 -1717 -1740 -1746 -1744 -1750 -1803 -1815 -1812 -1794 -1778 -1742 -1714 -1711 -1752 -1781 -1776 -1757 -1739 -1710 -1648 -1592 -1538 -1434 -1351 -1295 -1252 -1209 -1180 -1147 -1109 -1073 -1040 -1008 -977 -947 -919 -893 -868 -846
-607 -666 -734 -807 -801 -781 -812 -850 -872 -884 -902 -937 -1029 -1099 -1127 -1123 -1113 -1105 -1105 -1120 -1122 -1090 -1102 -1100 -1212 -1276 -1317 -1450 -1498 -1559 -1526 -1538 -1523 -1493 -1505 -1532 -1566 -1586 -1584 -1572 -1589 -1590 -1605 -1642 -1643 -1673 -1706 -1734 -1753 -1769 -1778 -1777 -1773 -1808 -1851 -1853 -1848 -1826 -1813 -1769 -1784 -1844 -1835 -1801 -1780 -1758 -1723 -1683 -1624 -1538 -1425 -1345 -1294 -1254 -1206 -1179 -1138 -1099 -1063 -1030 -1000 -968 -939 -913 -887 -862 -840
-633 -677 -738 -803 -772 -767 -782 -820 -846 -908 -939 -979 -1093 -1148 -1156 -1156 -1151 -1140 -1138 -1165 -1160 -1112 -1116 -1129 -1168 -1269 -1295 -1365 -1507 -1575 -1619 -1591 -1576 -1569 -1554 -1581 -1621 -1642 -1622 -1609 -1629 -1648 -1636 -1672 -1704 -1717 -1754 -1777 -1786 -1798 -1809 -1810 -1806 -1818 -1873 -1893 -1897 -1879 -1875 -1863 -1883 -1896 -1863 -1816 -1790 -1770 -1735 -1686 -1634 -1508 -1398 -1341 -1293 -1253 -1203 -1163 -1123 -1087 -1053 -1022 -992 -959 -931 -907 -881 -854 -834
-666 -704 -748 -784 -840 -801 -816 -841 -862 -901 -952 -979 -1010 -1137 -1185 -1181 -1176 -1170 -1162 -1209 -1220 -1124 -1128 -1139 -1164 -1245 -1267 -1304 -1439 -1576 -1693 -1629 -1627 -1621 -1606 -1606 -1642 -1670 -1678 -1662 -1648 -1666 -1686 -1671 -1701 -1753 -1802 -1830 -1827 -1831 -1844 -1850 -1848 -1848 -1879 -1926 -1937 -1926 -1926 -1939 -1971 -1943 -1882 -1813 -1778 -1749 -1726 -1694 -1638 -1510 -1400 -1344 -1292 -1247 -1202 -1159 -1121 -1085 -1051 -1019 -989 -956 -928 -903 -878 -853 -834
-711 -747 -772 -796 -870 -850 -849 -870 -881 -904 -920 -952 -989 -1077 -1199 -1201 -1192 -1181 -1176 -1219 -1281 -1165 -1157 -1166 -1202 -1283 -1304 -1320 -1422 -1590 -1691 -1709 -1652 -1644 -1644 -1628 -1641 -1683 -1708 -1712 -1709 -1705 -1724 -1717 -1732 -1764 -1801 -1839 -1873 -1870 -1872 -1882 -1884 -1880 -1897 -1959 -1974 -1972 -1968 -1989 -2022 -1968 -1862 -1780 -1721 -1679 -1674 -1677 -1645 -1534 -1436 -1353 -1283 -1237 -1200 -1161 -1124 -1087 -1053 -1020 -988 -957 -929 -903 -878 -856 -836
-761 -797 -814 -830 -868 -909 -879 -890 -896 -917 -916 -904 -954 -1097 -1210 -1206 -1193 -1180 -1186 -1215 -1300 -1337 -1278 -1295 -1370 -1450 -1364 -1367 -1499 -1628 -1671 -1763 -1759 -1676 -1659 -1547 -1515 -1609 -1719 -1770 -1776 -1737 -1750 -1781 -1798 -1818 -1851 -1869 -1887 -1933 -1909 -1911 -1919 -1918 -1928 -1987 -2012 -2028 -2020 -2033 -2050 -1985 -1861 -1771 -1701 -1642 -1609 -1597 -1583 -1539 -1449 -1369 -1291 -1237 -1197 -1162 -1125 -1088 -1053 -1019 -988 -957 -929 -902 -878 -857 -838
-815 -842 -863 -869 -889 -934 -938 -911 -917 -926 -927 -912 -965 -1154 -1224 -1197 -1187 -1223 -1200 -1229 -1298 -1362 -1386 -1377 -1401 -1476 -1539 -1578 -1626 -1659 -1668 -1688 -1794 -1793 -1704 -1512 -1470 -1490 -1563 -1759 -1842 -1814 -1756 -1775 -1803 -1842 -1883 -1917 -1911 -1960 -1954 -1942 -1953 -1958 -1965 -2007 -2039 -2076 -2093 -2087 -2083 -2008 -1870 -1766 -1682 -1612 -1560 -1531 -1510 -1483 -1411 -1354 -1295 -1251 -1195 -1161 -1125 -1088 -1053 -1018 -987 -957 -929 -902 -878 -858 -839
-872 -897 -915 -914 -925 -976 -1025 -957 -934 -928 -955 -960 -1016 -1213 -1244 -1243 -1246 -1239 -1251 -1265 -1298 -1362 -1358 -1364 -1378 -1393 -1469 -1599 -1653 -1683 -1700 -1711 -1777 -1847 -1785 -1602 -1511 -1512 -1551 -1727 -1880 -1890 -1865 -1828 -1825 -1846 -1898 -1947 -1944 -1982 -1995 -1971 -1983 -1994 -2006 -2033 -2073 -2109 -2136 -2141 -2120 -2019 -1863 -1752 -1669 -1596 -1537 -1497 -1479 -1439 -1380 -1335 -1294 -1253 -1198 -1159 -1123 -1087 -1053 -1019 -988 -959 -931 -905 -881 -860 -840
-934 -959 -972 -977 -1011 -1057 -1140 -1049 -963 -945 -957 -1029 -1105 -1287 -1251 -1250 -1258 -1256 -1269 -1278 -1291 -1355 -1377 -1381 -1389 -1398 -1433 -1579 -1682 -1707 -1730 -1738 -1768 -1847 -1873 -1770 -1612 -1585 -1655 -1808 -1922 -1934 -1935 -1926 -1890 -1884 -1917 -1978 -1985 -1999 -2038 -2004 -2010 -2025 -2037 -2070 -2115 -2147 -2174 -2182 -2161 -2040 -1864 -1743 -1659 -1589 -1526 -1475 -1454 -1423 -1372 -1327 -1289 -1249 -1201 -1157 -1119 -1085 -1052 -1019 -988 -959 -932 -907 -883 -861 -840
-987 -1010 -1037 -1051 -1072 -1151 -1222 -1244 -1144 -1027 -1049 -1100 -1208 -1282 -1251 -1261 -1267 -1276 -1286 -1296 -1305 -1351 -1420 -1398 -1402 -1412 -1441 -1582 -1720 -1746 -1767 -1774 -1794 -1842 -1913 -1904 -1870 -1828 -1869 -1952 -1979 -1975 -1981 -1982 -1963 -1949 -1956 -2003 -2027 -2013 -2075 -2048 -2039 -2054 -2068 -2103 -2159 -2192 -2221 -2220 -2206 -2064 -1862 -1730 -1642 -1577 -1525 -1476 -1439 -1408 -1369 -1323 -1284 -1244 -1195 -1150 -1114 -1082 -1050 -1018 -986 -957 -931 -907 -884 -862 -841
-1048 -1072 -1108 -1145 -1189 -1261 -1318 -1316 -1308 -1292 -1260 -1315 -1403 -1274 -1257 -1269 -1295 -1291 -1303 -1309 -1323 -1353 -1437 -1422 -1425 -1443 -1522 -1684 -1757 -1787 -1816 -1819 -1833 -1863 -1930 -1957 -1951 -1970 -1990 -2005 -2029 -2020 -2018 -2020 -2013 -2001 -1996 -2024 -2057 -2047 -2101 -2076 -2070 -2085 -2100 -2123 -2168 -2226 -2263 -2251 -2230 -2081 -1851 -1703 -1625 -1565 -1515 -1469 -1424 -1385 -1354 -1318 -1276 -1233 -1187 -1143 -1108 -1079 -1049 -1018 -986 -956 -931 -907 -885 -862 -841
-1111 -1136 -1173 -1243 -1313 -1351 -1367 -1364 -1367 -1375 -1403 -1432 -1466 -1335 -1271 -1284 -1315 -1305 -1317 -1329 -1341 -1364 -1494 -1579 -1559 -1575 -1663 -1749 -1791 -1836 -1871 -1885 -1893 -1902 -1942 -2001 -1995 -2011 -2030 -2043 -2072 -2075 -2061 -2057 -2057 -2044 -2033 -2049 -2081 -2080 -2118 -2117 -2106 -2119 -2132 -2148 -2179 -2258 -2296 -2285 -2239 -2057 -1822 -1687 -1617 -1558 -1504 -1460 -1414 -1371 -1334 -1300 -1262 -1227 -1186 -1142 -1107 -1077 -1048 -1019 -989 -960 -934 -910 -888 -865 -844
-1155 -1154 -1219 -1317 -1373 -1400 -1403 -1408 -1412 -1418 -1428 -1449 -1507 -1452 -1331 -1316 -1318 -1325 -1337 -1351 -1362 -1386 -1560 -1718 -1748 -1743 -1746 -1766 -1815 -1883 -1937 -1957 -1958 -1952 -1958 -2026 -2043 -2047 -2069 -2084 -2108 -2119 -2109 -2093 -2095 -2088 -2074 -2077 -2103 -2117 -2138 -2171 -2151 -2152 -2168 -2183 -2209 -2283 -2324 -2314 -2270 -2053 -1787 -1668 -1608 -1555 -1498 -1451 -1406 -1366 -1328 -1290 -1251 -1218 -1182 -1143 -1108 -1077 -1047 -1019 -991 -963 -938 -914 -891 -869 -848
-1188 -1153 -1255 -1368 -1421 -1447 -1453 -1458 -1464 -1449 -1479 -1494 -1546 -1551 -1466 -1367 -1351 -1351 -1360 -1373 -1405 -1520 -1707 -1784 -1797 -1794 -1782 -1772 -1860 -1948 -1998 -2017 -2022 -2014 -1999 -2011 -2075 -2084 -2105 -2124 -2146 -2162 -2158 -2137 -2135 -2131 -2115 -2113 -2131 -2157 -2157 -2197 -2222 -2204 -2204 -2218 -2244 -2326 -2345 -2337 -2294 -2040 -1756 -1657 -1603 -1553 -1493 -1446 -1406 -1368 -1329 -1288 -1248 -1211 -1176 -1140 -1107 -1076 -1046 -1018 -992 -966 -940 -916 -895 -872 -850
-1220 -1175 -1274 -1381 -1422 -1452 -1490 -1521 -1536 -1539 -1552 -1568 -1582 -1567 -1513 -1498 -1457 -1445 -1460 -1523 -1619 -1714 -1776 -1822 -1829 -1820 -1747 -1723 -1873 -1983 -2028 -2045 -2054 -2052 -2041 -2035 -2065 -2114 -2137 -2162 -2183 -2202 -2202 -2179 -2171 -2165 -2153 -2147 -2163 -2191 -2187 -2204 -2274 -2286 -2247 -2254 -2294 -2356 -2355 -2351 -2253 -1960 -1720 -1650 -1589 -1544 -1488 -1441 -1408 -1371 -1325 -1283 -1245 -1208 -1172 -1137 -1106 -1076 -1044 -1017 -993 -968 -942 -918 -900 -875 -853
-1293 -1236 -1322 -1376 -1376 -1372 -1428 -1520 -1562 -1583 -1601 -1610 -1598 -1503 -1496 -1488 -1507 -1620 -1705 -1737 -1749 -1762 -1810 -1853 -1858 -1842 -1735 -1717 -1732 -1852 -2016 -2064 -2077 -2079 -2076 -2075 -2082 -2110 -2152 -2181 -2204 -2222 -2235 -2232 -2222 -2213 -2199 -2192 -2206 -2239 -2237 -2235 -2295 -2322 -2291 -2291 -2359 -2376 -2376 -2372 -2272 -1934 -1719 -1636 -1579 -1533 -1483 -1440 -1409 -1372 -1328 -1286 -1248 -1211 -1177 -1142 -1110 -1079 -1048 -1021 -997 -972 -947 -924 -904 -882 -860
-1390 -1371 -1384 -1385 -1363 -1315 -1327 -1416 -1536 -1592 -1620 -1632 -1591 -1497 -1493 -1503 -1507 -1558 -1715 -1784 -1796 -1798 -1834 -1877 -1891 -1887 -1797 -1740 -1744 -1764 -1857 -2024 -2105 -2105 -2099 -2100 -2121 -2142 -2168 -2201 -2222 -2237 -2253 -2263 -2269 -2264 -2264 -2265 -2277 -2287 -2281 -2276 -2318 -2345 -2340 -2345 -2381 -2394 -2394 -2387 -2245 -1934 -1728 -1632 -1577 -1528 -1485 -1444 -1409 -1372 -1333 -1294 -1256 -1218 -1182 -1147 -1115 -1084 -1054 -1027 -1001 -977 -953 -930 -909 -888 -868
-1437 -1440 -1442 -1430 -1386 -1371 -1384 -1375 -1426 -1546 -1625 -1655 -1631 -1531 -1499 -1505 -1518 -1555 -1721 -1821 -1859 -1873 -1877 -1904 -1938 -1920 -1788 -1751 -1761 -1784 -1803 -1996 -2150 -2142 -2132 -2131 -2151 -2178 -2206 -2230 -2242 -2257 -2269 -2279 -2291 -2305 -2322 -2324 -2316 -2314 -2311 -2321 -2353 -2365 -2372 -2378 -2395 -2405 -2411 -2401 -2195 -1886 -1717 -1618 -1570 -1529 -1489 -1449 -1412 -1375 -1337 -1300 -1263 -1226 -1189 -1152 -1119 -1088 -1059 -1031 -1006 -981 -957 -935 -913 -893 -874
-1504 -1514 -1508 -1494 -1463 -1410 -1366 -1354 -1385 -1466 -1617 -1675 -1696 -1605 -1542 -1529 -1546 -1616 -1793 -1884 -1915 -1923 -1919 -1940 -1983 -1913 -1776 -1778 -1787 -1801 -1862 -2079 -2182 -2189 -2190 -2196 -2194 -2214 -2245 -2254 -2262 -2273 -2284 -2298 -2310 -2322 -2334 -2341 -2340 -2334 -2334 -2348 -2371 -2380 -2385 -2390 -2403 -2418 -2425 -2408 -2139 -1816 -1695 -1608 -1570 -1537 -1494 -1454 -1415 -1378 -1341 -1305 -1269 -1233 -1196 -1154 -1121 -1091 -1063 -1035 -1010 -985 -961 -938 -917 -899 -880
-1557 -1565 -1569 -1557 -1531 -1467 -1401 -1351 -1363 -1450 -1614 -1688 -1724 -1748 -1666 -1608 -1645 -1791 -1897 -1926 -1955 -1962 -1949 -1949 -2016 -1993 -1859 -1828 -1836 -1877 -2011 -2171 -2197 -2204 -2217 -2231 -2240 -2248 -2261 -2269 -2278 -2287 -2300 -2312 -2324 -2333 -2341 -2347 -2349 -2349 -2350 -2361 -2381 -2391 -2394 -2401 -2415 -2434 -2438 -2389 -2103 -1816 -1686 -1617 -1575 -1539 -1498 -1458 -1416 -1378 -1345 -1310 -1275 -1239 -1201 -1161 -1128 -1099 -1070 -1043 -1017 -992 -968 -945 -924 -907 -888
-1592 -1605 -1614 -1603 -1586 -1555 -1448 -1442 -1462 -1511 -1674 -1730 -1745 -1805 -1815 -1820 -1853 -1923 -1943 -1961 -1985 -1999 -1976 -1912 -1963 -2084 -2049 -1965 -2001 -2072 -2165 -2188 -2199 -2206 -2220 -2234 -2245 -2254 -2264 -2276 -2290 -2302 -2310 -2320 -2331 -2339 -2348 -2355 -2357 -2356 -2358 -2366 -2384 -2395 -2405 -2415 -2428 -2447 -2450 -2408 -2117 -1842 -1698 -1633 -1587 -1544 -1505 -1463 -1419 -1381 -1350 -1317 -1282 -1245 -1208 -1172 -1141 -1112 -1083 -1056 -1029 -1004 -980 -957 -936 -917 -898
-1603 -1645 -1659 -1657 -1635 -1628 -1601 -1549 -1618 -1663 -1762 -1797 -1795 -1827 -1856 -1873 -1909 -1954 -1974 -1993 -2009 -2029 -1993 -1929 -1977 -2084 -2131 -2135 -2146 -2162 -2176 -2190 -2201 -2210 -2222 -2234 -2247 -2257 -2269 -2282 -2294 -2304 -2313 -2322 -2332 -2342 -2352 -2362 -2367 -2365 -2366 -2373 -2384 -2394 -2406 -2420 -2435 -2450 -2456 -2443 -2170 -1878 -1712 -1652 -1603 -1560 -1512 -1469 -1426 -1388 -1358 -1325 -1290 -1254 -1218 -1184 -1154 -1125 -1096 -1068 -1042 -1016 -992 -969 -948 -927 -908
-1545 -1657 -1699 -1704 -1693 -1683 -1720 -1747 -1775 -1802 -1817 -1829 -1836 -1846 -1869 -1893 -1933 -1972 -1985 -2001 -2018 -2041 -2031 -1979 -2022 -2102 -2134 -2146 -2158 -2167 -2178 -2188 -2202 -2212 -2224 -2237 -2252 -2265 -2279 -2293 -2301 -2309 -2314 -2319 -2330 -2343 -2354 -2364 -2372 -2372 -2370 -2378 -2387 -2395 -2406 -2416 -2431 -2451 -2461 -2462 -2278 -1981 -1744 -1663 -1610 -1558 -1520 -1481 -1438 -1400 -1369 -1336 -1301 -1265 -1228 -1197 -1167 -1137 -1108 -1080 -1053 -1027 -1003 -980 -958 -937 -917
-1560 -1650 -1713 -1722 -1729 -1742 -1770 -1787 -1800 -1817 -1828 -1844 -1862 -1871 -1877 -1904 -1941 -1968 -1986 -2001 -2018 -2041 -2060 -2071 -2086 -2117 -2134 -2143 -2152 -2164 -2176 -2193 -2207 -2218 -2230 -2247 -2259 -2275 -2292 -2300 -2307 -2315 -2326 -2327 -2335 -2348 -2359 -2370 -2375 -2378 -2378 -2388 -2396 -2403 -2413 -2420 -2432 -2455 -2469 -2471 -2414 -2125 -1818 -1678 -1615 -1562 -1535 -1495 -1452 -1414 -1382 -1349 -1314 -1277 -1241 -1209 -1179 -1150 -1120 -1091 -1064 -1038 -1014 -991 -968 -947 -926
-1571 -1649 -1706 -1723 -1734 -1749 -1771 -1791 -1809 -1822 -1838 -1856 -1873 -1888 -1902 -1924 -1948 -1963 -1982 -2001 -2022 -2043 -2061 -2079 -2096 -2112 -2126 -2136 -2152 -2173 -2188 -2205 -2223 -2226 -2243 -2291 -2302 -2309 -2327 -2330 -2331 -2352 -2373 -2361 -2353 -2358 -2370 -2386 -2397 -2393 -2395 -2402 -2409 -2416 -2423 -2431 -2449 -2475 -2508 -2507 -2461 -2312 -1963 -1727 -1654 -1589 -1551 -1510 -1465 -1429 -1397 -1364 -1329 -1291 -1255 -1222 -1192 -1162 -1132 -1102 -1077 -1052 -1028 -1005 -982 -960 -938
-1618 -1668 -1700 -1720 -1739 -1755 -1775 -1794 -1814 -1830 -1847 -1862 -1878 -1892 -1909 -1926 -1943 -1962 -1983 -2004 -2025 -2044 -2062 -2078 -2092 -2104 -2120 -2139 -2143 -2147 -2178 -2197 -2217 -2233 -2255 -2330 -2347 -2345 -2350 -2353 -2358 -2377 -2395 -2385 -2374 -2370 -2377 -2391 -2408 -2408 -2408 -2413 -2418 -2423 -2437 -2460 -2475 -2496 -2522 -2524 -2500 -2440 -2091 -1823 -1739 -1640 -1575 -1530 -1479 -1444 -1415 -1382 -1346 -1307 -1269 -1237 -1207 -1177 -1145 -1115 -1091 -1067 -1043 -1019 -996 -974 -952
-1650 -1679 -1702 -1721 -1740 -1760 -1780 -1798 -1815 -1832 -1848 -1863 -1878 -1891 -1905 -1919 -1938 -1959 -1983 -2002 -2021 -2039 -2056 -2071 -2088 -2103 -2119 -2131 -2101 -2082 -2128 -2133 -2154 -2224 -2259 -2336 -2366 -2364 -2365 -2365 -2371 -2384 -2393 -2393 -2389 -2386 -2386 -2394 -2409 -2415 -2418 -2422 -2428 -2437 -2458 -2478 -2493 -2511 -2531 -2537 -2520 -2472 -2315 -2028 -1865 -1692 -1603 -1552 -1499 -1464 -1436 -1404 -1368 -1326 -1286 -1255 -1225 -1194 -1162 -1132 -1108 -1083 -1058 -1034 -1010 -988 -966
-1624 -1667 -1698 -1722 -1744 -1763 -1783 -1801 -1818 -1834 -1850 -1866 -1882 -1899 -1914 -1927 -1945 -1964 -1986 -2005 -2022 -2040 -2057 -2074 -2089 -2105 -2117 -2126 -2123 -2131 -2163 -2158 -2182 -2232 -2263 -2328 -2369 -2362 -2362 -2368 -2377 -2389 -2400 -2405 -2402 -2401 -2403 -2408 -2418 -2424 -2428 -2433 -2442 -2456 -2475 -2495 -2508 -2524 -2539 -2544 -2537 -2510 -2444 -2287 -2034 -1775 -1649 -1585 -1528 -1491 -1464 -1432 -1394 -1351 -1308 -1275 -1243 -1212 -1181 -1152 -1126 -1099 -1072 -1047 -1024 -1002 -979
-1549 -1601 -1640 -1704 -1739 -1765 -1785 -1798 -1807 -1813 -1831 -1861 -1888 -1906 -1922 -1938 -1955 -1972 -1992 -2011 -2026 -2041 -2051 -2057 -2078 -2108 -2123 -2134 -2149 -2165 -2183 -2198 -2216 -2241 -2267 -2314 -2346 -2343 -2354 -2369 -2381 -2393 -2406 -2410 -2411 -2414 -2421 -2432 -2448 -2440 -2437 -2443 -2456 -2470 -2489 -2506 -2519 -2534 -2548 -2556 -2552 -2542 -2520 -2455 -2190 -1867 -1705 -1619 -1554 -1523 -1499 -1468 -1427 -1380 -1337 -1301 -1265 -1232 -1199 -1170 -1146 -1116 -1087 -1062 -1039 -1018 -993
-1537 -1562 -1584 -1662 -1729 -1760 -1781 -1788 -1765 -1773 -1802 -1869 -1902 -1919 -1935 -1949 -1967 -1982 -1995 -2013 -2026 -2036 -2044 -2053 -2077 -2107 -2123 -2136 -2150 -2165 -2189 -2209 -2229 -2249 -2271 -2318 -2339 -2349 -2362 -2374 -2386 -2396 -2407 -2412 -2416 -2424 -2435 -2450 -2466 -2467 -2457 -2460 -2470 -2481 -2497 -2513 -2528 -2542 -2557 -2569 -2564 -2555 -2547 -2504 -2305 -1964 -1776 -1674 -1589 -1563 -1547 -1513 -1467 -1413 -1365 -1328 -1292 -1257 -1222 -1189 -1164 -1136 -1109 -1082 -1059 -1035 -1012
-1537 -1562 -1594 -1656 -1714 -1754 -1774 -1778 -1761 -1759 -1805 -1882 -1918 -1932 -1944 -1957 -1973 -1985 -2000 -2015 -2030 -2043 -2056 -2073 -2088 -2104 -2120 -2132 -2150 -2171 -2197 -2222 -2241 -2256 -2277 -2331 -2347 -2363 -2376 -2382 -2391 -2399 -2404 -2411 -2418 -2429 -2446 -2463 -2469 -2473 -2473 -2476 -2482 -2489 -2502 -2519 -2534 -2549 -2562 -2571 -2569 -2560 -2559 -2538 -2425 -2204 -1992 -1841 -1679 -1633 -1616 -1573 -1513 -1448 -1394 -1354 -1318 -1282 -1247 -1213 -1185 -1158 -1130 -1104 -1079 -1055 -1032
-1535 -1545 -1568 -1628 -1698 -1741 -1756 -1763 -1753 -1755 -1812 -1893 -1926 -1940 -1950 -1960 -1972 -1988 -2001 -2016 -2030 -2043 -2058 -2071 -2086 -2100 -2115 -2129 -2148 -2176 -2207 -2236 -2252 -2267 -2282 -2325 -2348 -2369 -2383 -2388 -2398 -2403 -2404 -2408 -2416 -2428 -2443 -2460 -2467 -2474 -2483 -2490 -2493 -2497 -2511 -2528 -2545 -2557 -2566 -2572 -2570 -2563 -2564 -2563 -2546 -2515 -2384 -2103 -1847 -1759 -1719 -1652 -1568 -1474 -1410 -1377 -1344 -1308 -1272 -1237 -1208 -1179 -1152 -1125 -1099 -1074 -1050
-1545 -1562 -1590 -1630 -1690 -1720 -1736 -1747 -1750 -1765 -1820 -1892 -1928 -1939 -1950 -1963 -1976 -1989 -2001 -2015 -2027 -2040 -2054 -2069 -2085 -2097 -2109 -2130 -2158 -2188 -2218 -2243 -2256 -2270 -2289 -2318 -2344 -2367 -2381 -2394 -2407 -2405 -2402 -2403 -2411 -2420 -2432 -2447 -2460 -2473 -2492 -2503 -2509 -2515 -2530 -2546 -2560 -2569 -2572 -2571 -2566 -2565 -2568 -2575 -2599 -2613 -2573 -2350 -2080 -1943 -1856 -1751 -1634 -1508 -1434 -1404 -1374 -1336 -1297 -1265 -1232 -1201 -1172 -1146 -1119 -1092 -1069
-1561 -1577 -1608 -1645 -1682 -1707 -1725 -1742 -1753 -1771 -1812 -1876 -1915 -1932 -1949 -1964 -1978 -1990 -2003 -2013 -2024 -2038 -2050 -2066 -2080 -2091 -2100 -2116 -2166 -2199 -2221 -2240 -2256 -2272 -2293 -2317 -2337 -2370 -2391 -2405 -2412 -2402 -2392 -2392 -2401 -2409 -2418 -2436 -2460 -2474 -2496 -2508 -2517 -2533 -2552 -2567 -2577 -2581 -2579 -2577 -2572 -2572 -2574 -2581 -2628 -2649 -2604 -2533 -2378 -2175 -2016 -1867 -1714 -1554 -1469 -1441 -1412 -1371 -1325 -1295 -1261 -1227 -1197 -1170 -1144 -1117 -1092
