Mapping/Bathymetry/etopo1.asc
ncols        601
nrows        421
xllcorner    -90.008333333333
yllcorner    23.991666666667
cellsize     0.016666666667
[rows 195 to 233 of 421, columns 174 to 260 of 601]
-3005 -3006 -3005 -3004 -3002 -3000 -3004 -3012 -3018 -3021 -3016 -3012 -3014 -3019 -3024 -3026 -3027 -3027 -3028 -3030 -3033 -3035 -3036 -3038 -3038 -3039 -3039 -3039 -3040 -3038 -3033 -3025 -3017 -3021 -3029 -3035 -3041 -3053 -3064 -3075 -3082 -3089 -3098 -3106 -3115 -3128 -3142 -3149 -3152 -3155 -3160 -3167 -3169 -3172 -3173 -3176 -3182 -3180 -3187 -3194 -3196 -3197 -3197 -3197 -3198 -3199 -3201 -3205 -3202 -3196 -3188 -3176 -3158 -3137 -3110 -3081 -3045 -2963 -2775 -2576 -2285 -1946 -1611 -1409 -1304 -1238 -1186
-3012 -3014 -3013 -3013 -3012 -3011 -3013 -3017 -3021 -3025 -3028 -3028 -3026 -3030 -3033 -3036 -3037 -3038 -3039 -3041 -3044 -3046 -3047 -3049 -3049 -3050 -3050 -3050 -3049 -3047 -3042 -3033 -3023 -3025 -3032 -3037 -3041 -3049 -3058 -3068 -3076 -3084 -3093 -3102 -3112 -3125 -3138 -3148 -3155 -3161 -3165 -3169 -3170 -3173 -3174 -3178 -3182 -3183 -3189 -3195 -3197 -3199 -3198 -3198 -3200 -3201 -3206 -3211 -3212 -3213 -3213 -3212 -3211 -3208 -3201 -3183 -3166 -3100 -2929 -2742 -2488 -2192 -1877 -1668 -1545 -1453 -1370
-3017 -3019 -3021 -3022 -3023 -3023 -3024 -3025 -3027 -3028 -3030 -3035 -3039 -3038 -3036 -3043 -3047 -3050 -3052 -3054 -3055 -3057 -3058 -3058 -3058 -3059 -3059 -3059 -3058 -3056 -3051 -3045 -3040 -3038 -3039 -3040 -3041 -3044 -3050 -3058 -3067 -3077 -3087 -3097 -3108 -3120 -3133 -3144 -3154 -3163 -3166 -3169 -3172 -3174 -3176 -3180 -3183 -3186 -3191 -3195 -3197 -3198 -3199 -3200 -3203 -3206 -3210 -3212 -3213 -3215 -3216 -3216 -3216 -3213 -3206 -3191 -3164 -3101 -2989 -2841 -2655 -2437 -2209 -2018 -1864 -1734 -1607
-3023 -3025 -3029 -3032 -3034 -3035 -3035 -3035 -3034 -3034 -3035 -3038 -3041 -3045 -3047 -3052 -3056 -3061 -3065 -3067 -3068 -3068 -3068 -3067 -3067 -3067 -3068 -3069 -3069 -3067 -3063 -3059 -3054 -3051 -3048 -3044 -3040 -3039 -3041 -3048 -3057 -3069 -3082 -3093 -3103 -3115 -3128 -3141 -3152 -3160 -3165 -3170 -3174 -3175 -3177 -3181 -3185 -3189 -3192 -3196 -3197 -3198 -3200 -3202 -3205 -3210 -3213 -3213 -3214 -3215 -3217 -3217 -3217 -3214 -3208 -3196 -3173 -3131 -3065 -2971 -2850 -2695 -2512 -2336 -2178 -2017 -1848
-3027 -3030 -3036 -3042 -3045 -3046 -3046 -3045 -3042 -3040 -3039 -3040 -3044 -3046 -3048 -3056 -3062 -3067 -3072 -3075 -3075 -3078 -3080 -3077 -3074 -3075 -3077 -3079 -3080 -3079 -3076 -3072 -3068 -3064 -3059 -3050 -3039 -3035 -3042 -3044 -3047 -3062 -3080 -3090 -3097 -3107 -3124 -3139 -3150 -3158 -3165 -3168 -3171 -3173 -3176 -3183 -3188 -3190 -3194 -3198 -3197 -3198 -3200 -3202 -3205 -3209 -3213 -3214 -3214 -3215 -3217 -3218 -3217 -3216 -3213 -3207 -3197 -3182 -3157 -3118 -3066 -2978 -2795 -2635 -2496 -2313 -2091
-3028 -3032 -3039 -3047 -3050 -3052 -3053 -3052 -3048 -3045 -3043 -3042 -3048 -3050 -3050 -3057 -3063 -3066 -3073 -3079 -3078 -3082 -3088 -3090 -3084 -3083 -3086 -3089 -3090 -3090 -3088 -3083 -3079 -3076 -3071 -3060 -3046 -3035 -3045 -3046 -3049 -3061 -3078 -3087 -3092 -3101 -3117 -3132 -3144 -3153 -3161 -3164 -3166 -3169 -3174 -3182 -3188 -3191 -3195 -3199 -3198 -3198 -3201 -3202 -3206 -3209 -3214 -3214 -3215 -3216 -3218 -3219 -3218 -3218 -3218 -3217 -3218 -3218 -3213 -3205 -3189 -3144 -2996 -2855 -2774 -2597 -2328
-3026 -3030 -3036 -3042 -3047 -3050 -3052 -3053 -3051 -3049 -3048 -3049 -3051 -3052 -3054 -3058 -3063 -3066 -3072 -3082 -3085 -3084 -3088 -3093 -3096 -3095 -3094 -3095 -3097 -3097 -3095 -3092 -3089 -3085 -3080 -3073 -3063 -3056 -3055 -3056 -3061 -3068 -3076 -3082 -3088 -3096 -3109 -3123 -3135 -3145 -3153 -3159 -3164 -3168 -3174 -3180 -3186 -3191 -3195 -3198 -3199 -3200 -3201 -3204 -3207 -3210 -3214 -3216 -3217 -3218 -3219 -3220 -3221 -3221 -3222 -3222 -3223 -3223 -3221 -3214 -3196 -3153 -3065 -2972 -2890 -2755 -2549
-3022 -3026 -3031 -3037 -3043 -3048 -3051 -3053 -3054 -3054 -3053 -3054 -3054 -3055 -3056 -3059 -3063 -3067 -3073 -3079 -3081 -3083 -3087 -3094 -3099 -3103 -3101 -3102 -3104 -3104 -3103 -3101 -3099 -3096 -3092 -3088 -3083 -3079 -3077 -3076 -3076 -3075 -3076 -3077 -3082 -3090 -3101 -3114 -3126 -3137 -3146 -3154 -3161 -3168 -3173 -3179 -3185 -3192 -3196 -3198 -3199 -3200 -3202 -3204 -3207 -3211 -3215 -3218 -3219 -3220 -3222 -3223 -3224 -3225 -3225 -3226 -3226 -3226 -3224 -3218 -3203 -3171 -3122 -3061 -2991 -2896 -2764
-3018 -3022 -3026 -3032 -3039 -3047 -3052 -3055 -3057 -3058 -3058 -3058 -3057 -3057 -3057 -3059 -3063 -3067 -3072 -3077 -3081 -3083 -3086 -3091 -3100 -3107 -3108 -3112 -3114 -3114 -3111 -3110 -3109 -3107 -3106 -3104 -3101 -3099 -3097 -3095 -3091 -3085 -3077 -3078 -3082 -3088 -3096 -3108 -3120 -3131 -3141 -3151 -3160 -3168 -3174 -3178 -3183 -3190 -3195 -3198 -3200 -3201 -3201 -3204 -3207 -3211 -3216 -3220 -3221 -3222 -3224 -3226 -3227 -3228 -3229 -3229 -3230 -3230 -3229 -3227 -3218 -3201 -3175 -3145 -3108 -3060 -2992
-3015 -3018 -3022 -3027 -3037 -3048 -3054 -3057 -3061 -3062 -3062 -3062 -3061 -3058 -3056 -3059 -3063 -3068 -3071 -3076 -3080 -3084 -3086 -3088 -3093 -3098 -3106 -3113 -3116 -3120 -3119 -3118 -3120 -3119 -3118 -3119 -3120 -3119 -3117 -3114 -3109 -3099 -3085 -3085 -3083 -3090 -3102 -3108 -3118 -3128 -3138 -3149 -3158 -3168 -3174 -3177 -3178 -3186 -3194 -3198 -3201 -3201 -3200 -3203 -3207 -3212 -3214 -3218 -3220 -3222 -3227 -3229 -3231 -3232 -3232 -3233 -3233 -3233 -3233 -3236 -3237 -3229 -3222 -3216 -3211 -3205 -3182
-3018 -3022 -3026 -3031 -3039 -3049 -3055 -3057 -3061 -3062 -3062 -3063 -3062 -3061 -3060 -3061 -3065 -3068 -3071 -3075 -3079 -3082 -3085 -3087 -3091 -3096 -3102 -3107 -3111 -3116 -3123 -3127 -3129 -3130 -3129 -3129 -3130 -3130 -3130 -3128 -3123 -3114 -3102 -3095 -3094 -3100 -3107 -3115 -3124 -3131 -3138 -3147 -3155 -3164 -3171 -3175 -3177 -3185 -3193 -3198 -3202 -3201 -3202 -3206 -3210 -3214 -3216 -3217 -3220 -3223 -3228 -3231 -3233 -3234 -3235 -3235 -3235 -3235 -3236 -3239 -3240 -3238 -3237 -3236 -3235 -3232 -3218
-3026 -3031 -3035 -3040 -3045 -3050 -3053 -3056 -3058 -3059 -3060 -3061 -3062 -3063 -3064 -3065 -3067 -3069 -3071 -3074 -3077 -3080 -3084 -3088 -3092 -3097 -3101 -3105 -3109 -3112 -3119 -3126 -3133 -3137 -3134 -3133 -3134 -3136 -3138 -3139 -3136 -3132 -3125 -3119 -3118 -3119 -3123 -3128 -3132 -3135 -3140 -3145 -3152 -3158 -3165 -3172 -3178 -3186 -3194 -3200 -3203 -3205 -3208 -3211 -3215 -3219 -3220 -3220 -3220 -3225 -3229 -3233 -3235 -3236 -3236 -3236 -3236 -3236 -3237 -3238 -3239 -3239 -3238 -3237 -3235 -3229 -3212
-3033 -3040 -3045 -3049 -3051 -3052 -3053 -3053 -3055 -3056 -3057 -3059 -3062 -3064 -3066 -3067 -3068 -3069 -3071 -3072 -3074 -3077 -3082 -3088 -3094 -3098 -3100 -3106 -3111 -3118 -3122 -3125 -3128 -3135 -3142 -3141 -3139 -3140 -3147 -3150 -3151 -3151 -3146 -3143 -3141 -3142 -3142 -3141 -3139 -3137 -3139 -3143 -3147 -3151 -3159 -3169 -3178 -3186 -3195 -3203 -3208 -3211 -3213 -3215 -3219 -3226 -3227 -3224 -3222 -3226 -3232 -3235 -3237 -3238 -3237 -3236 -3236 -3236 -3236 -3237 -3237 -3238 -3238 -3237 -3235 -3229 -3217
-3038 -3046 -3052 -3057 -3055 -3054 -3053 -3052 -3053 -3054 -3054 -3054 -3057 -3061 -3064 -3066 -3067 -3069 -3069 -3070 -3071 -3074 -3078 -3085 -3091 -3096 -3096 -3105 -3110 -3119 -3123 -3125 -3130 -3132 -3139 -3144 -3147 -3148 -3153 -3157 -3159 -3164 -3160 -3157 -3159 -3160 -3158 -3149 -3141 -3134 -3132 -3136 -3139 -3141 -3146 -3161 -3176 -3185 -3196 -3203 -3211 -3215 -3216 -3217 -3220 -3224 -3229 -3225 -3221 -3228 -3232 -3234 -3236 -3237 -3236 -3235 -3234 -3233 -3233 -3234 -3234 -3235 -3236 -3236 -3235 -3232 -3228
-3032 -3036 -3046 -3056 -3057 -3056 -3054 -3054 -3052 -3051 -3048 -3046 -3046 -3049 -3053 -3058 -3061 -3063 -3062 -3064 -3067 -3071 -3074 -3078 -3083 -3088 -3091 -3095 -3100 -3107 -3115 -3116 -3122 -3128 -3137 -3140 -3143 -3148 -3152 -3156 -3157 -3159 -3160 -3159 -3163 -3164 -3159 -3150 -3140 -3134 -3128 -3133 -3133 -3134 -3135 -3151 -3171 -3182 -3190 -3197 -3204 -3210 -3212 -3217 -3222 -3223 -3224 -3220 -3218 -3223 -3226 -3226 -3227 -3230 -3231 -3230 -3228 -3228 -3229 -3228 -3228 -3231 -3232 -3234 -3235 -3233 -3230
-3030 -3033 -3039 -3045 -3049 -3052 -3054 -3057 -3054 -3052 -3049 -3046 -3045 -3045 -3048 -3053 -3057 -3059 -3060 -3062 -3065 -3068 -3072 -3076 -3081 -3086 -3089 -3093 -3097 -3102 -3109 -3114 -3120 -3128 -3135 -3140 -3143 -3148 -3149 -3152 -3157 -3160 -3161 -3163 -3166 -3165 -3161 -3154 -3145 -3139 -3139 -3142 -3144 -3146 -3150 -3158 -3170 -3179 -3187 -3194 -3201 -3207 -3212 -3217 -3222 -3224 -3224 -3223 -3221 -3221 -3223 -3224 -3226 -3229 -3230 -3231 -3230 -3230 -3231 -3231 -3232 -3234 -3235 -3236 -3236 -3235 -3232
-3028 -3030 -3034 -3037 -3039 -3041 -3045 -3049 -3051 -3052 -3051 -3048 -3044 -3044 -3045 -3049 -3053 -3056 -3058 -3060 -3062 -3065 -3069 -3074 -3080 -3085 -3089 -3092 -3095 -3099 -3105 -3112 -3120 -3129 -3136 -3142 -3147 -3150 -3152 -3152 -3155 -3161 -3164 -3165 -3168 -3169 -3168 -3163 -3159 -3156 -3156 -3158 -3160 -3161 -3162 -3166 -3172 -3178 -3185 -3192 -3199 -3205 -3212 -3218 -3223 -3226 -3227 -3227 -3227 -3226 -3226 -3227 -3228 -3230 -3232 -3234 -3235 -3235 -3237 -3238 -3239 -3240 -3241 -3241 -3240 -3239 -3237
-3026 -3027 -3029 -3030 -3031 -3030 -3032 -3041 -3045 -3048 -3050 -3048 -3042 -3040 -3042 -3046 -3051 -3054 -3056 -3057 -3059 -3061 -3066 -3072 -3079 -3085 -3089 -3091 -3093 -3096 -3101 -3109 -3120 -3131 -3139 -3145 -3151 -3155 -3157 -3158 -3162 -3167 -3168 -3169 -3170 -3171 -3172 -3173 -3173 -3170 -3172 -3175 -3176 -3174 -3173 -3173 -3174 -3176 -3183 -3191 -3197 -3204 -3212 -3220 -3226 -3229 -3231 -3232 -3232 -3232 -3231 -3230 -3229 -3232 -3235 -3239 -3240 -3241 -3243 -3244 -3245 -3246 -3246 -3246 -3246 -3245 -3243
-3024 -3023 -3024 -3025 -3025 -3026 -3030 -3036 -3038 -3040 -3041 -3040 -3037 -3035 -3037 -3044 -3052 -3054 -3055 -3056 -3056 -3057 -3062 -3071 -3079 -3087 -3090 -3091 -3091 -3094 -3096 -3104 -3119 -3134 -3143 -3147 -3157 -3161 -3162 -3163 -3170 -3177 -3178 -3178 -3177 -3174 -3175 -3177 -3178 -3178 -3182 -3188 -3189 -3187 -3181 -3179 -3175 -3172 -3179 -3192 -3198 -3202 -3214 -3224 -3231 -3233 -3235 -3236 -3239 -3238 -3235 -3233 -3229 -3233 -3239 -3246 -3245 -3244 -3250 -3251 -3252 -3252 -3252 -3252 -3252 -3251 -3250
-3019 -3019 -3019 -3020 -3020 -3020 -3023 -3030 -3032 -3033 -3035 -3036 -3036 -3035 -3037 -3043 -3050 -3053 -3054 -3055 -3056 -3058 -3063 -3071 -3079 -3086 -3089 -3090 -3092 -3094 -3097 -3106 -3119 -3132 -3141 -3147 -3156 -3160 -3162 -3165 -3171 -3177 -3179 -3181 -3181 -3181 -3181 -3179 -3180 -3180 -3183 -3185 -3185 -3189 -3185 -3183 -3178 -3173 -3180 -3194 -3201 -3208 -3218 -3226 -3232 -3235 -3235 -3236 -3240 -3240 -3236 -3234 -3230 -3235 -3241 -3248 -3247 -3246 -3252 -3253 -3254 -3254 -3255 -3255 -3255 -3255 -3255
-3016 -3016 -3016 -3016 -3016 -3017 -3019 -3022 -3025 -3028 -3032 -3035 -3036 -3037 -3039 -3044 -3049 -3052 -3054 -3056 -3058 -3061 -3066 -3072 -3078 -3083 -3087 -3090 -3092 -3096 -3101 -3109 -3119 -3129 -3137 -3144 -3151 -3156 -3160 -3164 -3169 -3173 -3176 -3179 -3181 -3183 -3184 -3185 -3185 -3185 -3186 -3186 -3186 -3186 -3186 -3187 -3185 -3182 -3185 -3193 -3201 -3209 -3216 -3222 -3227 -3230 -3232 -3233 -3236 -3236 -3234 -3233 -3233 -3236 -3240 -3243 -3245 -3246 -3248 -3251 -3252 -3253 -3254 -3255 -3255 -3255 -3256
-3010 -3011 -3011 -3011 -3012 -3012 -3014 -3016 -3019 -3023 -3029 -3035 -3036 -3038 -3041 -3045 -3049 -3052 -3054 -3057 -3060 -3064 -3068 -3072 -3077 -3082 -3086 -3090 -3093 -3097 -3102 -3110 -3119 -3127 -3135 -3141 -3147 -3152 -3156 -3161 -3166 -3170 -3173 -3176 -3180 -3183 -3187 -3190 -3192 -3193 -3192 -3190 -3186 -3187 -3187 -3188 -3188 -3184 -3186 -3193 -3200 -3207 -3214 -3218 -3223 -3225 -3227 -3229 -3230 -3231 -3231 -3232 -3233 -3236 -3238 -3240 -3241 -3243 -3245 -3248 -3250 -3252 -3254 -3255 -3255 -3255 -3256
-3002 -3005 -3006 -3007 -3008 -3008 -3008 -3009 -3011 -3017 -3026 -3034 -3036 -3037 -3040 -3046 -3050 -3053 -3054 -3056 -3061 -3066 -3070 -3073 -3076 -3081 -3086 -3090 -3092 -3095 -3102 -3111 -3120 -3127 -3132 -3138 -3144 -3148 -3152 -3158 -3164 -3167 -3169 -3174 -3177 -3183 -3190 -3194 -3198 -3201 -3202 -3200 -3197 -3195 -3191 -3190 -3190 -3189 -3189 -3193 -3197 -3206 -3212 -3215 -3219 -3222 -3223 -3224 -3225 -3226 -3227 -3230 -3234 -3236 -3237 -3237 -3238 -3240 -3242 -3245 -3248 -3252 -3254 -3255 -3255 -3255 -3256
-2997 -3000 -3003 -3004 -3005 -3004 -3002 -3002 -3003 -3009 -3024 -3033 -3035 -3036 -3039 -3046 -3051 -3053 -3054 -3055 -3060 -3068 -3071 -3072 -3074 -3079 -3087 -3089 -3091 -3093 -3098 -3113 -3122 -3126 -3129 -3135 -3141 -3145 -3148 -3155 -3162 -3164 -3166 -3172 -3176 -3180 -3193 -3198 -3202 -3210 -3213 -3213 -3212 -3211 -3209 -3207 -3202 -3194 -3193 -3194 -3196 -3203 -3210 -3211 -3217 -3219 -3220 -3220 -3220 -3221 -3222 -3227 -3234 -3236 -3237 -3236 -3235 -3238 -3239 -3242 -3247 -3253 -3255 -3255 -3255 -3255 -3255
-2993 -2996 -3001 -3003 -3003 -3002 -3000 -3001 -3004 -3011 -3025 -3033 -3035 -3036 -3038 -3043 -3047 -3049 -3051 -3053 -3057 -3063 -3066 -3069 -3071 -3076 -3083 -3086 -3088 -3091 -3097 -3110 -3118 -3122 -3125 -3131 -3136 -3141 -3145 -3151 -3157 -3161 -3164 -3169 -3174 -3179 -3191 -3197 -3203 -3210 -3214 -3215 -3216 -3216 -3216 -3216 -3215 -3208 -3201 -3199 -3199 -3199 -3201 -3204 -3209 -3215 -3218 -3218 -3219 -3220 -3221 -3226 -3233 -3236 -3237 -3237 -3237 -3239 -3241 -3243 -3248 -3252 -3254 -3255 -3255 -3255 -3255
-2998 -3001 -3003 -3004 -3003 -3002 -3001 -3004 -3009 -3016 -3025 -3033 -3035 -3036 -3037 -3040 -3043 -3045 -3047 -3050 -3053 -3057 -3061 -3064 -3068 -3072 -3077 -3081 -3085 -3089 -3095 -3103 -3110 -3115 -3120 -3125 -3131 -3136 -3141 -3147 -3153 -3157 -3162 -3167 -3172 -3178 -3186 -3193 -3199 -3205 -3209 -3212 -3214 -3215 -3215 -3216 -3215 -3213 -3209 -3205 -3203 -3203 -3204 -3204 -3206 -3211 -3216 -3216 -3217 -3219 -3222 -3226 -3231 -3235 -3237 -3239 -3241 -3242 -3244 -3247 -3250 -3252 -3254 -3255 -3255 -3255 -3255
-3005 -3007 -3006 -3006 -3005 -3003 -3002 -3007 -3012 -3017 -3024 -3032 -3034 -3034 -3035 -3036 -3038 -3041 -3043 -3046 -3049 -3052 -3056 -3060 -3064 -3067 -3072 -3076 -3081 -3085 -3090 -3097 -3103 -3109 -3114 -3119 -3125 -3131 -3137 -3144 -3149 -3154 -3159 -3165 -3170 -3176 -3183 -3189 -3196 -3201 -3205 -3208 -3210 -3212 -3213 -3214 -3214 -3213 -3212 -3210 -3209 -3209 -3209 -3207 -3207 -3208 -3210 -3212 -3215 -3218 -3222 -3225 -3230 -3235 -3239 -3242 -3244 -3246 -3248 -3250 -3251 -3253 -3254 -3255 -3255 -3255 -3255
-3008 -3010 -3009 -3008 -3008 -3007 -3007 -3011 -3015 -3018 -3021 -3025 -3030 -3032 -3032 -3032 -3033 -3037 -3039 -3041 -3043 -3047 -3052 -3056 -3059 -3062 -3067 -3073 -3076 -3080 -3085 -3092 -3097 -3102 -3108 -3114 -3119 -3125 -3133 -3141 -3147 -3151 -3157 -3163 -3167 -3172 -3180 -3186 -3192 -3198 -3202 -3205 -3207 -3210 -3211 -3213 -3214 -3214 -3214 -3214 -3213 -3214 -3215 -3215 -3215 -3212 -3210 -3212 -3214 -3215 -3220 -3223 -3229 -3235 -3240 -3245 -3248 -3250 -3251 -3252 -3253 -3254 -3254 -3255 -3255 -3255 -3255
-3010 -3012 -3011 -3010 -3010 -3012 -3015 -3016 -3016 -3017 -3018 -3021 -3027 -3030 -3028 -3028 -3029 -3033 -3036 -3037 -3038 -3041 -3048 -3054 -3056 -3057 -3063 -3071 -3073 -3075 -3079 -3088 -3092 -3095 -3102 -3110 -3113 -3118 -3129 -3140 -3145 -3148 -3154 -3162 -3165 -3169 -3178 -3183 -3188 -3197 -3201 -3202 -3204 -3207 -3210 -3211 -3213 -3216 -3217 -3217 -3217 -3218 -3222 -3226 -3228 -3226 -3224 -3218 -3215 -3215 -3217 -3218 -3224 -3234 -3241 -3248 -3252 -3253 -3253 -3254 -3254 -3254 -3255 -3255 -3255 -3255 -3255
-3011 -3013 -3012 -3012 -3011 -3012 -3014 -3015 -3015 -3016 -3017 -3019 -3023 -3026 -3026 -3027 -3028 -3031 -3034 -3036 -3037 -3040 -3047 -3052 -3055 -3057 -3062 -3069 -3072 -3074 -3078 -3086 -3090 -3093 -3099 -3107 -3110 -3115 -3126 -3138 -3143 -3147 -3152 -3160 -3164 -3168 -3176 -3181 -3187 -3195 -3199 -3201 -3202 -3206 -3209 -3210 -3212 -3217 -3218 -3219 -3220 -3222 -3226 -3232 -3235 -3235 -3235 -3231 -3223 -3218 -3216 -3216 -3217 -3222 -3228 -3239 -3247 -3249 -3250 -3251 -3252 -3252 -3253 -3254 -3255 -3255 -3255
-3013 -3015 -3013 -3012 -3011 -3011 -3011 -3012 -3012 -3013 -3015 -3017 -3020 -3022 -3024 -3026 -3028 -3031 -3033 -3036 -3038 -3042 -3047 -3051 -3055 -3058 -3063 -3068 -3072 -3075 -3079 -3084 -3089 -3093 -3099 -3106 -3111 -3117 -3126 -3134 -3141 -3146 -3152 -3158 -3163 -3168 -3175 -3181 -3187 -3193 -3198 -3201 -3203 -3206 -3209 -3211 -3213 -3216 -3218 -3220 -3222 -3224 -3228 -3231 -3234 -3235 -3235 -3233 -3229 -3225 -3222 -3221 -3218 -3219 -3217 -3220 -3228 -3233 -3238 -3242 -3245 -3247 -3250 -3252 -3253 -3254 -3255
-3014 -3015 -3013 -3011 -3010 -3009 -3008 -3008 -3009 -3009 -3011 -3015 -3017 -3019 -3022 -3024 -3027 -3030 -3033 -3036 -3039 -3043 -3048 -3052 -3055 -3058 -3063 -3068 -3072 -3076 -3080 -3084 -3088 -3094 -3100 -3106 -3112 -3118 -3125 -3131 -3138 -3146 -3152 -3158 -3163 -3168 -3174 -3180 -3187 -3193 -3198 -3202 -3205 -3207 -3209 -3211 -3213 -3216 -3219 -3221 -3223 -3226 -3228 -3231 -3233 -3234 -3234 -3233 -3231 -3229 -3227 -3225 -3223 -3222 -3222 -3221 -3221 -3223 -3229 -3233 -3238 -3243 -3247 -3250 -3253 -3254 -3255
-3012 -3013 -3012 -3010 -3008 -3006 -3005 -3005 -3004 -3005 -3005 -3010 -3014 -3017 -3019 -3022 -3026 -3029 -3033 -3036 -3039 -3044 -3050 -3053 -3055 -3058 -3063 -3069 -3073 -3077 -3081 -3083 -3087 -3093 -3100 -3106 -3112 -3120 -3125 -3128 -3136 -3146 -3153 -3158 -3162 -3167 -3173 -3180 -3186 -3193 -3200 -3204 -3206 -3208 -3209 -3211 -3213 -3216 -3219 -3222 -3225 -3226 -3228 -3230 -3231 -3233 -3234 -3234 -3233 -3232 -3231 -3230 -3229 -3229 -3229 -3227 -3224 -3226 -3229 -3230 -3232 -3238 -3245 -3250 -3253 -3254 -3255
-3011 -3012 -3010 -3008 -3005 -3003 -3002 -3000 -3000 -3000 -3000 -3003 -3010 -3016 -3018 -3020 -3025 -3028 -3033 -3036 -3038 -3045 -3052 -3054 -3056 -3058 -3064 -3070 -3074 -3078 -3081 -3083 -3087 -3094 -3101 -3108 -3112 -3121 -3125 -3125 -3133 -3147 -3155 -3159 -3160 -3166 -3173 -3180 -3185 -3194 -3202 -3206 -3208 -3209 -3209 -3210 -3213 -3217 -3220 -3223 -3226 -3227 -3228 -3229 -3230 -3233 -3235 -3236 -3236 -3235 -3235 -3234 -3234 -3234 -3234 -3234 -3236 -3235 -3233 -3231 -3230 -3232 -3239 -3248 -3252 -3253 -3254
-3013 -3013 -3009 -3005 -3002 -2999 -2998 -2997 -2997 -2997 -2998 -3000 -3006 -3012 -3016 -3019 -3024 -3028 -3032 -3036 -3040 -3046 -3052 -3055 -3058 -3062 -3067 -3071 -3075 -3079 -3083 -3086 -3090 -3095 -3102 -3108 -3114 -3121 -3125 -3127 -3135 -3147 -3155 -3160 -3162 -3168 -3175 -3181 -3186 -3195 -3202 -3206 -3208 -3209 -3209 -3210 -3213 -3217 -3220 -3223 -3226 -3227 -3227 -3228 -3229 -3232 -3235 -3236 -3236 -3236 -3236 -3237 -3237 -3237 -3237 -3239 -3244 -3245 -3240 -3234 -3232 -3231 -3231 -3235 -3240 -3243 -3247
-3013 -3013 -3007 -3002 -2998 -2994 -2992 -2992 -2993 -2995 -2997 -2999 -3004 -3010 -3014 -3019 -3023 -3027 -3031 -3036 -3041 -3046 -3052 -3057 -3061 -3065 -3069 -3073 -3077 -3081 -3085 -3088 -3092 -3097 -3103 -3109 -3115 -3121 -3127 -3132 -3139 -3148 -3155 -3161 -3165 -3171 -3177 -3183 -3189 -3195 -3200 -3204 -3206 -3207 -3209 -3211 -3213 -3216 -3219 -3222 -3224 -3225 -3226 -3227 -3228 -3230 -3233 -3234 -3235 -3235 -3236 -3237 -3237 -3238 -3238 -3240 -3242 -3243 -3242 -3239 -3236 -3235 -3234 -3234 -3235 -3235 -3237
-3009 -3009 -3002 -2997 -2993 -2990 -2990 -2989 -2990 -2992 -2995 -2999 -3003 -3008 -3013 -3018 -3022 -3026 -3031 -3035 -3041 -3047 -3053 -3059 -3064 -3068 -3071 -3075 -3079 -3083 -3086 -3090 -3094 -3099 -3104 -3110 -3116 -3122 -3128 -3135 -3142 -3149 -3156 -3163 -3168 -3174 -3179 -3185 -3190 -3195 -3199 -3202 -3204 -3206 -3208 -3211 -3213 -3216 -3218 -3221 -3222 -3223 -3225 -3226 -3228 -3229 -3231 -3232 -3233 -3234 -3235 -3236 -3237 -3238 -3239 -3240 -3241 -3242 -3242 -3242 -3241 -3240 -3239 -3239 -3238 -3237 -3236
-3002 -3002 -2995 -2990 -2986 -2985 -2985 -2984 -2985 -2988 -2993 -2999 -3002 -3007 -3013 -3018 -3022 -3026 -3030 -3034 -3040 -3047 -3054 -3061 -3067 -3070 -3073 -3077 -3081 -3085 -3088 -3091 -3095 -3100 -3105 -3110 -3115 -3122 -3130 -3138 -3145 -3152 -3158 -3165 -3171 -3176 -3181 -3187 -3193 -3197 -3199 -3201 -3203 -3205 -3207 -3210 -3213 -3216 -3218 -3220 -3221 -3222 -3223 -3225 -3227 -3228 -3229 -3230 -3232 -3233 -3235 -3236 -3237 -3237 -3238 -3239 -3240 -3241 -3243 -3245 -3246 -3246 -3246 -3247 -3250 -3249 -3243
-2992 -2993 -2986 -2980 -2977 -2977 -2979 -2979 -2978 -2984 -2992 -2999 -3001 -3007 -3014 -3018 -3021 -3026 -3028 -3032 -3037 -3045 -3054 -3063 -3069 -3071 -3073 -3078 -3081 -3085 -3088 -3090 -3093 -3099 -3105 -3108 -3113 -3121 -3129 -3140 -3146 -3153 -3159 -3168 -3173 -3179 -3182 -3188 -3196 -3199 -3200 -3201 -3201 -3203 -3206 -3209 -3212 -3216 -3218 -3219 -3219 -3220 -3221 -3223 -3227 -3228 -3228 -3229 -3229 -3232 -3235 -3237 -3237 -3237 -3237 -3238 -3238 -3239 -3245 -3250 -3252 -3252 -3254 -3257 -3261 -3264 -3259
